# Blender v2.67 (sub 0) OBJ File: 'corridor.blend'
# www.blender.org
mtllib corridor.mtl
o Cube
v 9.289348 -2.418892 -31.052977
v 9.289348 -2.418892 31.052961
v -9.876304 -2.418892 31.052959
v -9.876300 -2.418892 -31.052980
v 9.289351 -2.113088 -31.052977
v 9.289344 -2.113088 31.052965
v -9.876306 -2.113088 31.052958
v -9.876302 -2.113088 -31.052977
v 7.826498 -2.418892 -31.052977
v 6.363648 -2.418892 -31.052977
v 4.900799 -2.418892 -31.052977
v 3.437949 -2.418892 -31.052980
v -4.024900 -2.418892 -31.052980
v -5.487750 -2.418892 -31.052980
v -6.950601 -2.418892 -31.052980
v -8.413449 -2.418892 -31.052980
v 7.826498 -2.418892 31.052961
v 6.363647 -2.418892 31.052959
v 4.900797 -2.418892 31.052959
v 3.437947 -2.418892 31.052959
v -4.024903 -2.418892 31.052959
v -5.487754 -2.418892 31.052959
v -6.950603 -2.418892 31.052959
v -8.413453 -2.418892 31.052959
v 7.826501 -2.113088 -31.052977
v 6.363650 -2.113088 -31.052977
v 4.900800 -2.113088 -31.052977
v 3.437950 -2.113088 -31.052977
v -4.024900 -2.113088 -31.052977
v -5.487750 -2.113088 -31.052977
v -6.950601 -2.113088 -31.052977
v -8.413451 -2.113088 -31.052977
v 7.826494 -2.113088 31.052963
v 6.363644 -2.113088 31.052963
v 4.900794 -2.113088 31.052963
v 3.437944 -2.113088 31.052961
v -4.024905 -2.113088 31.052961
v -5.487756 -2.113088 31.052959
v -6.950606 -2.113088 31.052959
v -8.413455 -2.113088 31.052959
v 6.363650 4.977047 -31.052977
v 4.900800 4.977047 -31.052977
v -5.487750 4.977047 -31.052977
v -6.950601 4.977047 -31.052977
v 6.363644 4.977047 31.052963
v 4.900794 4.977047 31.052963
v -5.487756 4.977047 31.052959
v -6.950606 4.977047 31.052959
v 6.363650 5.616980 -31.052977
v 4.900800 5.616980 -31.052977
v -5.487750 5.616980 -31.052977
v -6.950601 5.616980 -31.052977
v 6.363644 5.616980 31.052963
v 4.900794 5.616980 31.052963
v -5.487756 5.616980 31.052959
v -6.950606 5.616980 31.052959
v 9.289348 -2.418892 -20.701986
v 9.289348 -2.418892 -10.350996
v 9.289348 -2.418892 -0.000006
v 9.289348 -2.418892 10.350984
v 9.289348 -2.418892 20.701973
v -9.876304 -2.418892 20.701969
v -9.876302 -2.418892 10.350979
v -9.876302 -2.418892 -0.000011
v -9.876302 -2.418892 -10.351000
v -9.876300 -2.418892 -20.701990
v 9.289350 -2.113088 -20.701986
v 9.289349 -2.113088 -10.350996
v 9.289348 -2.113088 -0.000006
v 9.289347 -2.113088 10.350985
v 9.289346 -2.113088 20.701975
v -9.876304 -2.113088 20.701969
v -9.876304 -2.113088 10.350980
v -9.876304 -2.113088 -0.000010
v -9.876304 -2.113088 -10.351000
v -9.876302 -2.113088 -20.701986
v 7.826498 -2.418892 20.701971
v 7.826498 -2.418892 10.350981
v 7.826498 -2.418892 -0.000010
v 7.826498 -2.418892 -10.351000
v 7.826498 -2.418892 -20.701986
v 6.363648 -2.418892 20.701971
v 6.363648 -2.418892 10.350981
v 6.363648 -2.418892 -0.000010
v 6.363648 -2.418892 -10.351000
v 6.363648 -2.418892 -20.701986
v 4.900798 -2.418892 20.701971
v 4.900798 -2.418892 10.350981
v 4.900798 -2.418892 -0.000010
v 4.900798 -2.418892 -10.351000
v 4.900799 -2.418892 -20.701986
v 3.437948 -2.418892 20.701969
v 3.437948 -2.418892 10.350979
v 3.437948 -2.418892 -0.000011
v 3.437948 -2.418892 -10.351000
v 3.437949 -2.418892 -20.701990
v -4.024902 -2.418892 20.701969
v -4.024902 -2.418892 10.350979
v -4.024901 -2.418892 -0.000011
v -4.024901 -2.418892 -10.351000
v -4.024901 -2.418892 -20.701990
v -5.487752 -2.418892 20.701969
v -5.487752 -2.418892 10.350979
v -5.487752 -2.418892 -0.000011
v -5.487752 -2.418892 -10.351000
v -5.487750 -2.418892 -20.701990
v -6.950603 -2.418892 20.701969
v -6.950603 -2.418892 10.350979
v -6.950603 -2.418892 -0.000011
v -6.950601 -2.418892 -10.351000
v -6.950601 -2.418892 -20.701990
v -8.413453 -2.418892 20.701969
v -8.413453 -2.418892 10.350979
v -8.413451 -2.418892 -0.000011
v -8.413451 -2.418892 -10.351000
v -8.413451 -2.418892 -20.701990
v 7.826500 -2.113088 -20.701986
v 7.826499 -2.113088 -10.350996
v 7.826498 -2.113088 -0.000006
v 7.826496 -2.113088 10.350985
v 7.826495 -2.113088 20.701973
v 6.363649 -2.113088 -20.701986
v 6.363648 -2.113088 -10.350996
v 6.363647 -2.113088 -0.000006
v 6.363647 -2.113088 10.350985
v 6.363646 -2.113088 20.701973
v -6.950603 -2.113088 -20.701986
v -6.950603 -2.113088 -10.350996
v -6.950603 -2.113088 -0.000008
v -6.950604 -2.113088 10.350982
v -6.950604 -2.113088 20.701969
v -8.413451 -2.113088 -20.701986
v -8.413453 -2.113088 -10.350996
v -8.413453 -2.113088 -0.000008
v -8.413453 -2.113088 10.350982
v -8.413455 -2.113088 20.701969
v 6.363649 4.977047 -20.701986
v 6.363648 4.977047 -10.350996
v 6.363647 4.977047 -0.000006
v 6.363647 4.977047 10.350985
v 6.363646 4.977047 20.701973
v -6.950603 4.977047 -20.701986
v -6.950603 4.977047 -10.350996
v -6.950603 4.977047 -0.000008
v -6.950604 4.977047 10.350982
v -6.950604 4.977047 20.701969
v 6.363649 5.616980 -20.701986
v 6.363648 5.616980 -10.350996
v 6.363647 5.616980 -0.000006
v 6.363647 5.616980 10.350985
v 6.363646 5.616980 20.701973
v 4.900799 5.616980 -20.701986
v 4.900798 5.616980 -10.350996
v 4.900797 5.616980 -0.000006
v 4.900796 5.616980 10.350984
v 4.900795 5.616980 20.701973
v -5.487752 5.616980 -20.701986
v -5.487752 5.616980 -10.350996
v -5.487754 5.616980 -0.000006
v -5.487754 5.616980 10.350984
v -5.487754 5.616980 20.701973
v -6.950603 5.616980 -20.701986
v -6.950603 5.616980 -10.350996
v -6.950603 5.616980 -0.000008
v -6.950604 5.616980 10.350982
v -6.950604 5.616980 20.701969
v 2.706524 -2.418892 -31.052980
v 2.706522 -2.418892 31.052959
v 2.706525 -2.113088 -31.052977
v 2.706519 -2.113088 31.052961
v 2.706524 -2.418892 -20.701990
v 2.706523 -2.418892 -10.351000
v 2.706523 -2.418892 -0.000011
v 2.706523 -2.418892 10.350979
v 2.706522 -2.418892 20.701969
v 2.706521 5.616980 10.350984
v 2.706522 5.616980 -0.000006
v 2.706523 5.616980 -10.350996
v 2.706524 5.616980 -20.701986
v 2.706519 5.616980 31.052961
v 2.706525 5.616980 -31.052977
v 2.706519 4.977047 31.052961
v 2.706525 4.977047 -31.052977
v 2.706520 5.616980 20.701973
usemtl Material
s off
f 112 24 3
f 136 72 7
f 61 71 2
f 24 40 3
f 66 76 8
f 32 16 4
f 61 2 17
f 77 17 18
f 82 18 19
f 87 19 20
f 175 168 21
f 97 21 22
f 102 22 23
f 107 23 24
f 71 121 33
f 121 126 34
f 38 30 43
f 27 28 36
f 169 29 37
f 29 30 38
f 35 34 45
f 131 136 40
f 2 6 17
f 17 33 18
f 18 34 19
f 19 35 20
f 168 170 21
f 21 37 22
f 22 38 23
f 23 39 24
f 5 1 25
f 25 9 26
f 26 10 27
f 27 11 28
f 169 167 13
f 29 13 14
f 30 14 15
f 31 15 16
f 43 44 52
f 184 161 55
f 26 27 42
f 39 38 47
f 27 35 46
f 30 31 44
f 131 39 48
f 122 26 41
f 151 156 54
f 161 166 56
f 48 47 55
f 183 42 46
f 41 42 50
f 146 48 56
f 46 45 53
f 137 41 49
f 180 55 47
f 183 43 51
f 16 116 66
f 116 115 65
f 115 114 64
f 114 113 63
f 113 112 62
f 32 8 76
f 132 76 75
f 133 75 74
f 134 74 73
f 135 73 72
f 1 5 67
f 57 67 68
f 58 68 69
f 59 69 70
f 60 70 71
f 3 7 72
f 62 72 73
f 63 73 74
f 64 74 75
f 65 75 76
f 1 57 81
f 57 58 80
f 58 59 79
f 59 60 78
f 60 61 77
f 9 81 86
f 81 80 85
f 80 79 84
f 79 78 83
f 78 77 82
f 10 86 91
f 86 85 90
f 85 84 89
f 84 83 88
f 83 82 87
f 11 91 96
f 91 90 95
f 90 89 94
f 89 88 93
f 88 87 92
f 167 171 101
f 171 172 100
f 172 173 99
f 173 174 98
f 174 175 97
f 13 101 106
f 101 100 105
f 100 99 104
f 99 98 103
f 98 97 102
f 14 106 111
f 106 105 110
f 105 104 109
f 104 103 108
f 103 102 107
f 15 111 116
f 111 110 115
f 110 109 114
f 109 108 113
f 108 107 112
f 5 25 117
f 67 117 118
f 68 118 119
f 69 119 120
f 70 120 121
f 25 26 122
f 117 122 123
f 118 123 124
f 119 124 125
f 120 125 126
f 31 32 132
f 127 132 133
f 128 133 134
f 129 134 135
f 130 135 136
f 181 51 157
f 179 157 158
f 178 158 159
f 177 159 160
f 176 160 161
f 31 127 142
f 127 128 143
f 128 129 144
f 129 130 145
f 130 131 146
f 34 126 141
f 126 125 140
f 125 124 139
f 124 123 138
f 123 122 137
f 49 50 152
f 147 152 153
f 148 153 154
f 149 154 155
f 150 155 156
f 51 52 162
f 157 162 163
f 158 163 164
f 159 164 165
f 160 165 166
f 44 142 162
f 142 143 163
f 143 144 164
f 144 145 165
f 145 146 166
f 45 141 151
f 141 140 150
f 140 139 149
f 139 138 148
f 138 137 147
f 92 20 168
f 28 169 170
f 20 36 168
f 28 12 169
f 12 96 171
f 96 95 172
f 95 94 173
f 94 93 174
f 93 92 175
f 43 183 182
f 154 177 176
f 50 181 179
f 152 179 178
f 156 184 180
f 155 176 184
f 153 178 177
f 42 183 181
f 54 180 182
f 62 112 3
f 40 136 7
f 71 6 2
f 40 7 3
f 4 66 8
f 8 32 4
f 77 61 17
f 82 77 18
f 87 82 19
f 92 87 20
f 97 175 21
f 102 97 22
f 107 102 23
f 112 107 24
f 6 71 33
f 33 121 34
f 47 38 43
f 35 27 36
f 170 169 37
f 37 29 38
f 46 35 45
f 39 131 40
f 6 33 17
f 33 34 18
f 34 35 19
f 35 36 20
f 170 37 21
f 37 38 22
f 38 39 23
f 39 40 24
f 1 9 25
f 9 10 26
f 10 11 27
f 11 12 28
f 29 169 13
f 30 29 14
f 31 30 15
f 32 31 16
f 51 43 52
f 180 184 55
f 41 26 42
f 48 39 47
f 42 27 46
f 43 30 44
f 146 131 48
f 137 122 41
f 53 151 54
f 55 161 56
f 56 48 55
f 182 183 46
f 49 41 50
f 166 146 56
f 54 46 53
f 147 137 49
f 182 180 47
f 181 183 51
f 4 16 66
f 66 116 65
f 65 115 64
f 64 114 63
f 63 113 62
f 132 32 76
f 133 132 75
f 134 133 74
f 135 134 73
f 136 135 72
f 57 1 67
f 58 57 68
f 59 58 69
f 60 59 70
f 61 60 71
f 62 3 72
f 63 62 73
f 64 63 74
f 65 64 75
f 66 65 76
f 9 1 81
f 81 57 80
f 80 58 79
f 79 59 78
f 78 60 77
f 10 9 86
f 86 81 85
f 85 80 84
f 84 79 83
f 83 78 82
f 11 10 91
f 91 86 90
f 90 85 89
f 89 84 88
f 88 83 87
f 12 11 96
f 96 91 95
f 95 90 94
f 94 89 93
f 93 88 92
f 13 167 101
f 101 171 100
f 100 172 99
f 99 173 98
f 98 174 97
f 14 13 106
f 106 101 105
f 105 100 104
f 104 99 103
f 103 98 102
f 15 14 111
f 111 106 110
f 110 105 109
f 109 104 108
f 108 103 107
f 16 15 116
f 116 111 115
f 115 110 114
f 114 109 113
f 113 108 112
f 67 5 117
f 68 67 118
f 69 68 119
f 70 69 120
f 71 70 121
f 117 25 122
f 118 117 123
f 119 118 124
f 120 119 125
f 121 120 126
f 127 31 132
f 128 127 133
f 129 128 134
f 130 129 135
f 131 130 136
f 179 181 157
f 178 179 158
f 177 178 159
f 176 177 160
f 184 176 161
f 44 31 142
f 142 127 143
f 143 128 144
f 144 129 145
f 145 130 146
f 45 34 141
f 141 126 140
f 140 125 139
f 139 124 138
f 138 123 137
f 147 49 152
f 148 147 153
f 149 148 154
f 150 149 155
f 151 150 156
f 157 51 162
f 158 157 163
f 159 158 164
f 160 159 165
f 161 160 166
f 52 44 162
f 162 142 163
f 163 143 164
f 164 144 165
f 165 145 166
f 53 45 151
f 151 141 150
f 150 140 149
f 149 139 148
f 148 138 147
f 175 92 168
f 36 28 170
f 36 170 168
f 12 167 169
f 167 12 171
f 171 96 172
f 172 95 173
f 173 94 174
f 174 93 175
f 47 43 182
f 155 154 176
f 152 50 179
f 153 152 178
f 54 156 180
f 156 155 184
f 154 153 177
f 50 42 181
f 46 54 182
