# Blender v2.69 (sub 0) OBJ File: 'luxor.blend'
# www.blender.org
mtllib luxor3.mtl
o Cube_Cube.001
v -1.000000 0.306164 0.000000
v 0.000000 0.306164 -1.000000
v 1.000000 0.306164 0.000000
v 0.000000 0.306164 1.000000
v 0.000000 1.306164 0.000000
v -0.750000 1.056164 0.000000
v -0.750000 0.306164 -0.750000
v -0.750000 0.306164 0.750000
v 0.000000 1.056164 -0.750000
v 0.750000 0.306164 -0.750000
v 0.750000 1.056164 0.000000
v 0.750000 0.306164 0.750000
v 0.000000 1.056164 0.750000
v -0.555556 0.861719 0.555556
v -0.555556 0.861719 -0.555556
v 0.555556 0.861719 -0.555556
v 0.555556 0.861719 0.555556
v -0.002979 1.280116 -0.213880
v -0.002979 2.511284 -0.213880
v 0.148493 1.280116 -0.151139
v 0.148493 2.511284 -0.151139
v 0.211234 1.280116 0.000333
v 0.211234 2.511284 0.000333
v 0.148493 1.280116 0.151804
v 0.148493 2.511284 0.151804
v -0.002979 1.280116 0.214546
v -0.002979 2.511284 0.214546
v -0.154450 1.280116 0.151804
v -0.154450 2.511284 0.151804
v -0.217192 1.280116 0.000333
v -0.217192 2.511284 0.000333
v -0.154450 1.280116 -0.151139
v -0.154450 2.511284 -0.151139
v -0.002979 2.786605 -0.142025
v -0.002979 3.816622 0.532393
v 0.148493 2.752236 -0.089534
v 0.148493 3.782253 0.584884
v 0.211234 2.669262 0.037189
v 0.211234 3.699279 0.711607
v 0.148493 2.586288 0.163913
v 0.148493 3.616305 0.838331
v -0.002979 2.551919 0.216404
v -0.002979 3.581936 0.890822
v -0.154450 2.586288 0.163913
v -0.154450 3.616305 0.838331
v -0.217192 2.669262 0.037189
v -0.217192 3.699279 0.711607
v -0.154450 2.752236 -0.089534
v -0.154450 3.782253 0.584884
v -0.002979 4.040828 0.919536
v -0.002979 4.033482 2.150682
v 0.148493 3.978087 0.919162
v 0.148493 3.970741 2.150308
v 0.211234 3.826618 0.918258
v 0.211234 3.819273 2.149404
v 0.148493 3.675149 0.917354
v 0.148493 3.667804 2.148500
v -0.002979 3.612409 0.916980
v -0.002979 3.605063 2.148126
v -0.154450 3.675149 0.917354
v -0.154450 3.667804 2.148500
v -0.217192 3.826618 0.918258
v -0.217192 3.819273 2.149404
v -0.154450 3.978087 0.919162
v -0.154450 3.970741 2.150308
v -1.000000 3.811815 5.127524
v 0.000000 2.811815 5.127524
v 1.000000 3.811815 5.127524
v 0.000000 4.811815 5.127524
v 0.000000 3.811815 2.141895
v -0.750000 3.811815 2.391895
v -0.750000 3.061815 5.127524
v -0.750000 4.561815 5.127524
v 0.000000 3.061815 2.391895
v 0.750000 3.061815 5.127524
v 0.750000 3.811815 2.391895
v 0.750000 4.561815 5.127524
v 0.000000 4.561815 2.391895
v -0.751490 0.562763 0.000000
v -0.555556 4.367371 2.586339
v -0.555556 3.256259 2.586339
v 0.555556 3.256259 2.586339
v 0.555556 4.367371 2.586339
v -0.875000 3.811815 3.759710
v 0.000000 2.936815 3.759710
v 0.875000 3.811815 3.759710
v 0.000000 4.686815 3.759710
v -0.652778 3.159037 3.856932
v -0.652778 4.464593 3.856932
v 0.652778 3.159037 3.856932
v 0.652778 4.464593 3.856932
v -0.875000 4.186815 5.127524
v 0.875000 4.186815 5.127524
v 0.000000 4.186815 2.266895
v -0.652778 4.089593 2.489117
v 0.652778 4.089593 2.489117
v 0.000000 4.506683 5.129403
v -0.763889 4.138204 3.808321
v 0.763889 4.138204 3.808321
v -0.875000 3.436815 5.127524
v 0.875000 3.436815 5.127524
v 0.000000 3.436815 2.266895
v -0.652778 3.534037 2.489117
v 0.652778 3.534037 2.489117
v 0.000000 3.116946 5.129403
v -0.763889 3.485426 3.808321
v 0.763889 3.485426 3.808321
v 0.375000 2.936815 5.127524
v 0.375000 4.686815 5.127524
v 0.375000 3.811815 2.266895
v 0.277778 3.159037 2.489117
v 0.694869 3.811815 5.129403
v 0.277778 4.464593 2.489117
v 0.326389 3.047926 3.808321
v 0.326389 4.575704 3.808321
v 0.608010 4.419825 5.128213
v 0.326389 4.138204 2.378006
v 0.608010 3.203805 5.128213
v 0.326389 3.485426 2.378006
v -0.375000 2.936815 5.127524
v -0.375000 4.686815 5.127524
v -0.375000 3.811815 2.266895
v -0.277778 3.159037 2.489117
v -0.277778 4.464593 2.489117
v -0.694869 3.811815 5.129403
v -0.326389 3.047926 3.808321
v -0.326389 4.575704 3.808321
v -0.326389 4.138204 2.378006
v -0.608010 4.419825 5.128213
v -0.326389 3.485426 2.378006
v -0.608010 3.203805 5.128213
v 0.000000 3.811815 3.754454
v 0.000000 4.311815 3.752741
v 0.000000 3.311815 3.752741
v 0.500000 3.811815 3.752741
v 0.437500 4.249315 3.751885
v 0.437500 3.374315 3.751885
v -0.500000 3.811815 3.752741
v -0.437500 4.249315 3.751885
v -0.437500 3.374315 3.751885
v 0.000000 0.562763 -0.751490
v 0.751490 0.562763 0.000000
v 0.000000 0.562763 0.751490
v -0.561615 0.506692 -0.561615
v -0.561615 0.506692 0.561615
v 0.561615 0.506692 -0.561615
v 0.561615 0.506692 0.561615
v -1.000000 0.000000 0.000000
v 0.000000 0.000000 -1.000000
v 1.000000 0.000000 0.000000
v 0.000000 0.000000 1.000000
v -0.750000 0.000000 -0.750000
v -0.750000 0.000000 0.750000
v 0.750000 0.000000 -0.750000
v 0.750000 0.000000 0.750000
v 0.000000 -0.003424 0.000000
usemtl None
s off
f 79 145 14
f 79 6 15
f 141 144 15
f 141 9 16
f 142 146 16
f 142 11 17
f 143 147 17
f 143 13 14
f 3 12 155
f 10 3 150
f 5 13 17
f 5 11 16
f 5 9 15
f 5 6 14
f 4 8 153
f 12 4 151
f 18 19 21
f 20 21 23
f 22 23 25
f 24 25 27
f 26 27 29
f 28 29 31
f 32 33 19
f 30 31 33
f 34 35 37
f 36 37 39
f 38 39 41
f 40 41 43
f 42 43 45
f 44 45 47
f 48 49 35
f 46 47 49
f 50 51 53
f 52 53 55
f 54 55 57
f 56 57 59
f 58 59 61
f 60 61 63
f 64 65 51
f 62 63 65
f 98 89 80
f 106 103 81
f 126 88 81
f 114 111 82
f 107 90 82
f 99 96 83
f 115 91 83
f 127 124 80
f 116 93 77
f 118 108 75
f 117 113 83
f 119 104 82
f 130 123 81
f 128 95 80
f 131 100 72
f 129 97 121
f 92 73 89
f 100 106 88
f 120 72 88
f 108 114 90
f 101 75 90
f 93 99 91
f 109 77 91
f 121 127 89
f 84 98 95
f 86 76 96
f 112 68 93
f 110 117 96
f 122 71 95
f 118 112 137
f 66 92 98
f 68 86 99
f 84 71 103
f 86 107 104
f 112 118 101
f 110 76 104
f 122 130 103
f 125 66 100
f 66 84 106
f 68 101 107
f 85 74 111
f 87 115 113
f 97 116 109
f 105 67 108
f 94 78 113
f 102 119 111
f 67 85 114
f 69 109 115
f 97 129 139
f 70 94 117
f 129 125 139
f 70 110 119
f 85 126 123
f 87 78 124
f 102 74 123
f 94 128 124
f 105 131 120
f 92 129 73
f 67 120 126
f 69 87 127
f 70 122 128
f 66 125 92
f 70 102 130
f 125 131 140
f 138 132 139
f 132 135 136
f 132 134 137
f 132 138 140
f 112 116 136
f 105 118 137
f 131 105 140
f 116 97 136
f 1 8 145
f 1 79 144
f 2 7 144
f 2 141 146
f 3 10 146
f 3 142 147
f 4 12 147
f 4 143 145
f 156 150 155
f 156 149 154
f 156 148 152
f 148 156 153
f 7 2 149
f 2 10 154
f 8 1 148
f 1 7 152
f 6 79 14
f 144 79 15
f 9 141 15
f 146 141 16
f 11 142 16
f 147 142 17
f 13 143 17
f 145 143 14
f 150 3 155
f 154 10 150
f 11 5 17
f 9 5 16
f 6 5 15
f 13 5 14
f 151 4 153
f 155 12 151
f 20 18 21
f 22 20 23
f 24 22 25
f 26 24 27
f 28 26 29
f 30 28 31
f 18 32 19
f 32 30 33
f 36 34 37
f 38 36 39
f 40 38 41
f 42 40 43
f 44 42 45
f 46 44 47
f 34 48 35
f 48 46 49
f 52 50 53
f 54 52 55
f 56 54 57
f 58 56 59
f 60 58 61
f 62 60 63
f 50 64 51
f 64 62 65
f 95 98 80
f 88 106 81
f 123 126 81
f 90 114 82
f 104 107 82
f 91 99 83
f 113 115 83
f 89 127 80
f 109 116 77
f 101 118 75
f 96 117 83
f 111 119 82
f 103 130 81
f 124 128 80
f 120 131 72
f 97 69 121
f 98 92 89
f 72 100 88
f 126 120 88
f 75 108 90
f 107 101 90
f 77 93 91
f 115 109 91
f 73 121 89
f 71 84 95
f 99 86 96
f 116 112 93
f 76 110 96
f 128 122 95
f 112 135 137
f 84 66 98
f 93 68 99
f 106 84 103
f 76 86 104
f 68 112 101
f 119 110 104
f 71 122 103
f 131 125 100
f 100 66 106
f 86 68 107
f 114 85 111
f 78 87 113
f 69 97 109
f 118 105 108
f 117 94 113
f 74 102 111
f 108 67 114
f 87 69 115
f 133 97 139
f 110 70 117
f 125 138 139
f 102 70 119
f 74 85 123
f 127 87 124
f 130 102 123
f 78 94 124
f 67 105 120
f 129 121 73
f 85 67 126
f 121 69 127
f 94 70 128
f 125 129 92
f 122 70 130
f 138 125 140
f 132 133 139
f 133 132 136
f 135 132 137
f 134 132 140
f 135 112 136
f 134 105 137
f 105 134 140
f 97 133 136
f 79 1 145
f 7 1 144
f 141 2 144
f 10 2 146
f 142 3 146
f 12 3 147
f 143 4 147
f 8 4 145
f 151 156 155
f 150 156 154
f 149 156 152
f 156 151 153
f 152 7 149
f 149 2 154
f 153 8 148
f 148 1 152
