# Blender v2.69 (sub 0) OBJ File: 'luxor_204.blend'
# www.blender.org
mtllib luxor_204.mtl
o Circle
v -0.691452 3.100827 1.881301
v -0.195090 -2.952261 -0.959888
v -0.382683 -2.952261 -0.902983
v -0.555570 -2.952261 -0.810573
v -0.707107 -2.952261 -0.686210
v -0.831470 -2.952261 -0.534673
v -0.923880 -2.952261 -0.361787
v -0.980785 -2.952261 -0.174194
v -1.000000 -2.952261 0.020897
v -0.980785 -2.952261 0.215987
v -0.923880 -2.952261 0.403580
v -0.831470 -2.952261 0.576467
v -0.707107 -2.952261 0.728004
v -0.555570 -2.952261 0.852366
v -0.382683 -2.952261 0.944776
v -0.195090 -2.952261 1.001682
v -0.691452 1.768188 1.511847
v 0.195091 -2.952261 1.001682
v 0.382684 -2.952261 0.944776
v 0.555571 -2.952261 0.852366
v 0.707107 -2.952261 0.728003
v 0.831470 -2.952261 0.576466
v 0.923880 -2.952261 0.403579
v 0.980785 -2.952261 0.215986
v 1.000000 -2.952261 0.020896
v 0.980785 -2.952261 -0.174195
v 0.923879 -2.952261 -0.361788
v 0.831469 -2.952261 -0.534674
v 0.707106 -2.952261 -0.686211
v 0.555569 -2.952261 -0.810574
v 0.382682 -2.952261 -0.902983
v 0.195089 -2.952261 -0.959889
v 0.000000 -2.813709 -0.832640
v -0.166517 -2.813709 -0.816240
v -0.326634 -2.813709 -0.767669
v -0.474200 -2.813709 -0.688793
v -0.603542 -2.813709 -0.582645
v -0.709690 -2.813709 -0.453303
v -0.788565 -2.813709 -0.305738
v -0.837137 -2.813709 -0.145620
v -0.853537 -2.813709 0.020897
v -0.837137 -2.813709 0.187413
v -0.788565 -2.813709 0.347531
v -0.709690 -2.813709 0.495096
v -0.603542 -2.813709 0.624439
v -0.474200 -2.813709 0.730587
v -0.326634 -2.813709 0.809462
v -0.166517 -2.813709 0.858033
v 0.000000 -2.813709 0.874434
v 0.166517 -2.813709 0.858033
v 0.326635 -2.813709 0.809462
v 0.474200 -2.813709 0.730587
v 0.603542 -2.813709 0.624438
v 0.709690 -2.813709 0.495096
v 0.788566 -2.813709 0.347531
v 0.837137 -2.813709 0.187413
v 0.853537 -2.813709 0.020896
v 0.837136 -2.813709 -0.145621
v 0.788565 -2.813709 -0.305739
v 0.709689 -2.813709 -0.453304
v 0.603541 -2.813709 -0.582646
v 0.474199 -2.813709 -0.688794
v 0.326633 -2.813709 -0.767669
v 0.166516 -2.813709 -0.816240
v -0.000000 -2.681754 -0.461894
v -0.094188 -2.681754 -0.452617
v -0.184756 -2.681754 -0.425144
v -0.268224 -2.681754 -0.380529
v -0.341385 -2.681754 -0.320488
v -0.401426 -2.681754 -0.247327
v -0.446040 -2.681754 -0.163859
v -0.473514 -2.681754 -0.073291
v -0.482791 -2.681754 0.020897
v -0.473514 -2.681754 0.115084
v -0.446040 -2.681754 0.205653
v -0.401426 -2.681754 0.289121
v -0.341385 -2.681754 0.362281
v -0.268224 -2.681754 0.422322
v -0.184756 -2.681754 0.466937
v -0.094188 -2.681754 0.494410
v 0.000000 -2.681754 0.503687
v 0.094188 -2.681754 0.494410
v 0.184756 -2.681754 0.466937
v 0.268224 -2.681754 0.422322
v 0.341385 -2.681754 0.362281
v 0.401426 -2.681754 0.289120
v 0.446040 -2.681754 0.205652
v 0.473514 -2.681754 0.115084
v 0.482790 -2.681754 0.020896
v 0.473514 -2.681754 -0.073292
v 0.446040 -2.681754 -0.163860
v 0.401425 -2.681754 -0.247328
v 0.341384 -2.681754 -0.320488
v 0.268223 -2.681754 -0.380529
v 0.184755 -2.681754 -0.425144
v 0.094187 -2.681754 -0.452617
v 0.977861 2.434507 1.696574
v -0.048624 -2.622375 -0.223555
v -0.095380 -2.622375 -0.209371
v -0.138471 -2.622375 -0.186339
v -0.176240 -2.622375 -0.155343
v -0.207236 -2.622375 -0.117574
v -0.230268 -2.622375 -0.074484
v -0.244451 -2.622375 -0.027728
v -0.249240 -2.622375 0.020897
v -0.244451 -2.622375 0.069521
v -0.230268 -2.622375 0.116277
v -0.207236 -2.622375 0.159367
v -0.176240 -2.622375 0.197136
v -0.138471 -2.622375 0.228132
v -0.095380 -2.622375 0.251165
v -0.048624 -2.622375 0.265348
v 0.609203 3.095773 1.691677
v 0.048624 -2.622375 0.265348
v 0.095380 -2.622375 0.251165
v 0.138471 -2.622375 0.228132
v 0.176240 -2.622375 0.197136
v 0.207236 -2.622375 0.159367
v 0.230268 -2.622375 0.116277
v 0.244451 -2.622375 0.069521
v 0.249240 -2.622375 0.020896
v 0.244451 -2.622375 -0.027728
v 0.230268 -2.622375 -0.074484
v 0.207236 -2.622375 -0.117574
v 0.176239 -2.622375 -0.155343
v 0.138470 -2.622375 -0.186339
v 0.095380 -2.622375 -0.209372
v 0.048624 -2.622375 -0.223555
v -0.000000 -2.952261 -0.979103
v -0.000000 -2.952261 -0.959888
v -0.000000 -2.952261 -0.902983
v -0.000000 -2.952261 -0.810573
v -0.000000 -2.952261 -0.686210
v -0.000000 -2.952261 -0.534673
v -0.000000 -2.952261 -0.361787
v -0.000000 -2.952261 -0.174194
v -0.000000 -2.952261 0.020897
v -0.000000 -2.952261 0.215987
v -0.000000 -2.952261 0.403580
v -0.000000 -2.952261 0.576467
v -0.000000 -2.952261 0.728004
v -0.000000 -2.952261 0.852366
v -0.000000 -2.952261 0.944776
v -0.000000 -2.952261 1.001682
v -0.000000 -2.952261 1.020897
v -0.861543 2.508714 1.528923
v 0.000000 1.492188 1.435331
v -0.000000 3.376825 1.957817
v -0.000000 3.519753 1.802796
v 0.000000 1.464692 1.233063
v 0.753979 1.765650 1.316499
v 0.609203 1.921655 1.366170
v -0.000000 3.338940 1.759091
v -1.066287 2.492223 1.517930
v 0.691452 1.768188 1.511847
v -0.977861 2.434507 1.696574
v 1.066287 2.492223 1.517930
v -0.753979 1.765650 1.316498
v 0.000000 1.678486 1.298756
v -0.753979 3.218796 1.719361
v -0.000000 -2.622375 -0.228344
v -0.000000 -2.622375 -0.223555
v -0.000000 -2.622375 -0.209371
v -0.000000 -2.622375 -0.186339
v -0.000000 -2.622375 -0.155343
v -0.000000 -2.622375 -0.117574
v -0.000000 -2.622375 -0.074484
v -0.000000 -2.622375 -0.027728
v -0.000000 -2.622375 0.020897
v -0.000000 -2.622375 0.069521
v -0.000000 -2.622375 0.116277
v -0.000000 -2.622375 0.159367
v -0.000000 -2.622375 0.197136
v -0.000000 -2.622375 0.228132
v -0.000000 -2.622375 0.251165
v -0.000000 -2.622375 0.265348
v -0.000000 -2.622375 0.270137
v 0.753979 3.218796 1.719361
v 0.861543 2.508714 1.528923
v -0.609203 1.921655 1.366170
v -0.609203 3.095773 1.691677
v -0.000000 3.428331 1.514586
v 0.000000 1.786978 1.059546
v 0.602194 2.027349 1.126185
v 0.602194 3.187961 1.447947
v -0.602194 3.187961 1.447947
v -0.851631 2.607655 1.287066
v -0.602194 2.027349 1.126185
v 0.851631 2.607655 1.287066
v 0.704460 2.643384 1.146899
v -0.498129 2.163362 1.013820
v -0.704460 2.643384 1.146899
v 0.075320 -2.389949 -0.047887
v 0.075320 -2.389949 0.089680
v -0.075320 -2.389949 0.089680
v -0.075320 -2.389949 -0.047887
v 0.075320 -2.637593 -0.047887
v 0.075320 -2.637593 0.089680
v -0.075320 -2.637593 0.089680
v -0.075320 -2.637593 -0.047887
v 0.128218 -2.151472 -0.136816
v 0.128218 -2.151472 0.089796
v -0.128218 -2.151472 0.089796
v -0.128218 -2.151472 -0.136816
v 0.128218 -2.423373 -0.136816
v 0.128218 -2.423373 0.119621
v -0.128218 -2.423373 0.119621
v -0.128218 -2.423373 -0.136816
v 0.128218 -2.481918 -0.136816
v 0.128218 -2.565870 0.097528
v -0.128218 -2.565870 0.097528
v -0.128218 -2.481918 -0.136816
v 0.128218 -2.151472 -0.410763
v -0.128218 -2.151472 -0.410763
v 0.128218 -2.423373 -0.199779
v -0.128218 -2.423373 -0.199779
v 0.128218 -2.328315 -0.136816
v 0.128218 -2.328315 0.119621
v -0.128218 -2.328315 0.119621
v -0.128218 -2.328315 -0.136816
v 0.128218 -2.328315 -0.316612
v -0.128218 -2.328315 -0.316612
v 0.128218 -2.247626 0.119621
v -0.128218 -2.247626 0.119621
v -0.128218 -2.247626 -0.136816
v -0.128218 -2.247626 -0.415605
v 0.128218 -2.247626 -0.136816
v 0.128218 -2.247626 -0.415605
v 0.128218 -2.423373 -0.008597
v 0.128218 -2.151472 -0.023510
v -0.128218 -2.423373 -0.008597
v -0.128218 -2.151472 -0.023510
v 0.128218 -2.565870 -0.008597
v -0.128218 -2.565870 -0.008597
v 0.128218 -2.328315 -0.008597
v -0.128218 -2.328315 -0.008597
v 0.128218 -2.247626 -0.008597
v -0.128218 -2.247626 -0.008597
v 0.128218 -2.199549 0.120173
v -0.128218 -2.199549 0.120173
v -0.128218 -2.199549 -0.136816
v -0.128218 -2.199549 -0.413184
v 0.128218 -2.199549 -0.136816
v 0.128218 -2.199549 -0.413184
v 0.128218 -2.199549 -0.016054
v -0.128218 -2.199549 -0.016054
v 0.041719 -2.331932 -0.293400
v 0.000001 -2.343918 -0.305847
v 0.000000 -1.511355 -1.107595
v 0.000000 -1.426360 -1.189443
v 0.041718 -1.499368 -1.095148
v 0.041718 -1.414374 -1.176996
v 0.058998 -1.470430 -1.065098
v 0.058998 -1.385436 -1.146946
v 0.041718 -1.441492 -1.035048
v 0.041718 -1.356498 -1.116896
v -0.000000 -1.429506 -1.022601
v -0.000000 -1.344512 -1.104449
v -0.041718 -1.441492 -1.035048
v -0.041718 -1.356498 -1.116896
v -0.058998 -1.470430 -1.065098
v -0.058998 -1.385436 -1.146946
v -0.041718 -1.499368 -1.095148
v -0.041718 -1.414374 -1.176996
v 0.058999 -2.302994 -0.263350
v 0.041719 -2.274056 -0.233300
v 0.000001 -2.262070 -0.220853
v -0.041717 -2.274056 -0.233300
v -0.058997 -2.302994 -0.263350
v -0.041717 -2.331932 -0.293400
v -0.000001 0.007321 -2.570059
v 0.041718 0.019308 -2.557612
v 0.058998 0.048246 -2.527562
v 0.041718 0.077183 -2.497512
v -0.000001 0.089170 -2.485065
v -0.041719 0.077183 -2.497512
v -0.058999 0.048246 -2.527562
v -0.041719 0.019308 -2.557612
v -0.498129 3.123407 1.279978
v 0.000000 3.215081 0.458285
v 0.000000 -1.511355 -0.743455
v 0.000000 -1.426360 -0.825303
v 0.041718 -1.499368 -0.731008
v 0.041718 -1.414374 -0.812856
v 0.058998 -1.470430 -0.700958
v 0.058998 -1.385436 -0.782806
v 0.041718 -1.441492 -0.670908
v 0.041718 -1.356498 -0.752756
v -0.000000 -1.429506 -0.658460
v -0.000000 -1.344512 -0.740309
v -0.041718 -1.441492 -0.670908
v -0.041718 -1.356498 -0.752756
v -0.058998 -1.470430 -0.700958
v -0.058998 -1.385436 -0.782806
v -0.041718 -1.499368 -0.731008
v -0.041718 -1.414374 -0.812856
v -0.251815 3.114567 0.430419
v -0.356120 2.871905 0.363145
v -0.000001 0.007321 -2.205919
v 0.041718 0.019308 -2.193472
v 0.058998 0.048246 -2.163422
v 0.041718 0.077183 -2.133372
v -0.000001 0.089170 -2.120924
v -0.041719 0.077183 -2.133372
v -0.058999 0.048246 -2.163422
v -0.041719 0.019308 -2.193472
v 0.128218 0.026470 -2.383952
v 0.128218 0.026470 -2.610563
v -0.128218 0.026470 -2.610563
v -0.128218 0.026470 -2.383952
v 0.128218 0.298371 -2.383952
v 0.128218 0.298371 -2.640388
v -0.128218 0.298371 -2.640388
v -0.128218 0.298371 -2.383952
v 0.128218 0.356916 -2.383952
v 0.128218 0.440867 -2.618295
v -0.128218 0.440867 -2.618295
v -0.128218 0.356916 -2.383952
v 0.128218 0.026470 -2.110004
v -0.128218 0.026470 -2.110004
v 0.128218 0.298371 -2.320988
v -0.128218 0.298371 -2.320988
v 0.128218 0.203312 -2.383952
v 0.128218 0.203312 -2.640388
v -0.128218 0.203312 -2.640388
v -0.128218 0.203312 -2.383952
v 0.128218 0.203312 -2.204155
v -0.128218 0.203312 -2.204155
v 0.128218 0.122623 -2.640388
v -0.128218 0.122623 -2.640388
v -0.128218 0.122623 -2.383952
v -0.128218 0.122623 -2.105162
v 0.128218 0.122623 -2.383952
v 0.128218 0.122623 -2.105162
v 0.128218 0.298371 -2.512170
v 0.128218 0.026470 -2.497257
v -0.128218 0.298371 -2.512170
v -0.128218 0.026470 -2.497257
v 0.128218 0.440867 -2.512170
v -0.128218 0.440867 -2.512170
v 0.128218 0.203312 -2.512170
v -0.128218 0.203312 -2.512170
v 0.128218 0.122623 -2.512170
v -0.128218 0.122623 -2.512170
v 0.128218 0.074547 -2.640940
v -0.128218 0.074547 -2.640940
v -0.128218 0.074547 -2.383952
v -0.128218 0.074547 -2.107583
v 0.128218 0.074547 -2.383952
v 0.128218 0.074547 -2.107583
v 0.128218 0.074547 -2.504713
v -0.128218 0.074547 -2.504713
v 0.041719 0.382566 -2.490670
v 0.000001 0.397357 -2.499604
v 0.000000 0.994954 -1.510241
v 0.000000 1.055962 -1.409239
v 0.041718 0.980162 -1.501306
v 0.041718 1.041170 -1.400305
v 0.058998 0.944453 -1.479737
v 0.058998 1.005460 -1.378735
v 0.041718 0.908743 -1.458168
v 0.041718 0.969750 -1.357166
v -0.000000 0.893952 -1.449233
v -0.000000 0.954959 -1.348232
v -0.041718 0.908743 -1.458168
v -0.041718 0.969750 -1.357166
v -0.058998 0.944453 -1.479737
v -0.058998 1.005460 -1.378735
v -0.041718 0.980162 -1.501306
v -0.041718 1.041170 -1.400305
v 0.058999 0.346856 -2.469101
v 0.041719 0.311147 -2.447531
v 0.000001 0.296355 -2.438597
v -0.041717 0.311147 -2.447531
v -0.058997 0.346856 -2.469101
v -0.041717 0.382566 -2.490670
v -0.000001 2.085026 0.294453
v 0.041718 2.070235 0.303388
v 0.058998 2.034526 0.324957
v 0.041718 1.998816 0.346526
v -0.000001 1.984024 0.355461
v -0.041719 1.998816 0.346526
v -0.058999 2.034526 0.324957
v -0.041719 2.070235 0.303388
v 0.041719 0.152846 -2.257789
v 0.000001 0.167638 -2.266723
v 0.000000 0.765234 -1.277360
v 0.000000 0.826241 -1.176358
v 0.041718 0.750443 -1.268425
v 0.041718 0.811450 -1.167424
v 0.058998 0.714733 -1.246856
v 0.058998 0.775741 -1.145854
v 0.041718 0.679024 -1.225287
v 0.041718 0.740031 -1.124285
v -0.000000 0.664233 -1.216352
v -0.000000 0.725240 -1.115351
v -0.041718 0.679024 -1.225287
v -0.041718 0.740031 -1.124285
v -0.058998 0.714733 -1.246856
v -0.058998 0.775741 -1.145854
v -0.041718 0.750443 -1.268425
v -0.041718 0.811450 -1.167424
v 0.058999 0.117137 -2.236220
v 0.041719 0.081427 -2.214651
v 0.000001 0.066636 -2.205716
v -0.041717 0.081427 -2.214651
v -0.058997 0.117137 -2.236220
v -0.041717 0.152846 -2.257789
v -0.000001 1.855308 0.527334
v 0.041718 1.840515 0.536269
v 0.058998 1.804806 0.557838
v 0.041718 1.769097 0.579407
v -0.000001 1.754306 0.588342
v -0.041719 1.769097 0.579407
v -0.058999 1.804806 0.557838
v -0.041719 1.840515 0.536269
v 0.128218 1.857620 0.365822
v 0.128218 1.997675 0.187673
v -0.128218 1.997675 0.187673
v -0.128218 1.857620 0.365822
v 0.128218 2.071375 0.533868
v 0.128218 2.229862 0.332271
v -0.128218 2.229862 0.332271
v -0.128218 2.071375 0.533868
v 0.128218 2.117399 0.570051
v 0.128218 2.328231 0.437708
v -0.128218 2.328231 0.437708
v -0.128218 2.117399 0.570051
v 0.128218 1.688311 0.581185
v -0.128218 1.688311 0.581185
v 0.128218 2.032460 0.583366
v -0.128218 2.032460 0.583366
v 0.128218 1.996645 0.475118
v 0.128218 2.155132 0.273521
v -0.128218 2.155132 0.273521
v -0.128218 1.996645 0.475118
v 0.128218 1.885523 0.616465
v -0.128218 1.885523 0.616465
v 0.128218 2.091699 0.223652
v -0.128218 2.091699 0.223652
v -0.128218 1.933211 0.425249
v -0.128218 1.760908 0.644418
v 0.128218 1.933211 0.425249
v 0.128218 1.760908 0.644418
v 0.128218 2.150619 0.433069
v 0.128218 1.927648 0.276748
v -0.128218 2.150619 0.433069
v -0.128218 1.927648 0.276748
v 0.128218 2.262642 0.521138
v -0.128218 2.262642 0.521138
v 0.128218 2.075889 0.374320
v -0.128218 2.075889 0.374320
v 0.128218 2.012455 0.324451
v -0.128218 2.012455 0.324451
v 0.128218 2.054245 0.193505
v -0.128218 2.054245 0.193505
v -0.128218 1.895416 0.395536
v -0.128218 1.724609 0.612802
v 0.128218 1.895416 0.395536
v 0.128218 1.724609 0.612802
v 0.128218 1.970051 0.300599
v -0.128218 1.970051 0.300599
v -0.055241 2.435454 0.488565
v -0.055241 2.392760 0.579981
v 0.055241 2.392760 0.579981
v 0.055241 2.435454 0.488565
v 0.055241 2.270889 0.411709
v 0.055241 2.228196 0.503124
v -0.055241 2.228196 0.503124
v -0.055241 2.270889 0.411709
v 0.041719 -2.267780 0.008963
v 0.058999 -2.238842 0.039013
v 0.041719 -2.209905 0.069063
v 0.000001 -2.197918 0.081510
v -0.041717 -2.209905 0.069063
v -0.058998 -2.238842 0.039013
v 0.000001 -2.279767 -0.003484
v -0.041717 -2.267780 0.008963
v -0.251815 2.629243 0.295871
v 0.000000 2.528729 0.268005
v 0.251815 2.629243 0.295871
v 0.356120 2.871905 0.363145
v 0.251815 3.114567 0.430419
v 0.000000 3.214845 0.637992
v -0.285603 3.100845 0.606387
v -0.403904 2.825624 0.530086
v -0.285603 2.550401 0.453785
v 0.000000 2.436400 0.422180
v 0.285603 2.550401 0.453785
v 0.287751 2.972895 1.056123
v 0.193574 3.104725 0.247919
v 0.406941 2.695602 0.979248
v 0.273755 2.918187 0.196204
v 0.287751 2.418311 0.902373
v 0.193574 2.731648 0.144489
v 0.000000 2.303453 0.870531
v 0.000000 2.654382 0.123068
v -0.287750 2.418311 0.902373
v -0.193574 2.731648 0.144489
v -0.406941 2.695602 0.979248
v -0.273755 2.918187 0.196204
v 0.498129 3.123407 1.279978
v -0.287750 2.972895 1.056123
v 0.000000 3.104725 0.247919
v -0.193574 3.104725 0.247919
v 0.498129 2.163362 1.013820
v 0.000000 3.087752 1.087965
v 0.000000 2.731648 0.144489
v 0.000000 3.181992 0.269340
v 0.000000 1.964529 0.958697
v 0.403904 2.825624 0.530086
v -0.000000 3.322238 1.335101
v 0.285603 3.100845 0.606387
v 0.000000 2.918187 0.196204
v 0.845457 3.249234 1.922445
v -0.845457 3.249234 1.922445
v -0.845457 1.619781 1.470704
v 1.195657 2.434507 1.696574
v -0.334393 2.373364 0.889912
v -0.472903 2.695602 0.979248
v -0.334393 3.017841 1.068584
v 0.334393 3.017841 1.068584
v -1.195657 2.434507 1.696574
v 0.845457 1.619781 1.470704
v 0.334393 2.373364 0.889912
v 0.000000 2.239888 0.852908
v 0.000000 1.282309 1.377145
v -0.000000 3.586704 2.016003
v 0.472903 2.695602 0.979248
v 0.000000 3.151316 1.105588
v 0.691452 3.100827 1.881301
v 0.451969 3.045944 1.468278
v -0.639180 2.610403 1.347530
v 0.451969 2.174863 1.226784
v 0.000000 3.226350 1.518292
v 0.000000 1.994455 1.176769
v 0.639180 2.610403 1.347530
v -0.451969 2.174863 1.226783
v -0.451969 3.045944 1.468278
v 0.321581 3.008243 1.315263
v -0.454784 2.698351 1.229350
v 0.321581 2.388459 1.143438
v 0.000000 3.136604 1.350849
v 0.000000 2.260098 1.107851
v 0.454784 2.698351 1.229350
v -0.321581 2.388459 1.143437
v -0.321581 3.008243 1.315263
v 0.222335 2.904360 1.156827
v -0.314429 2.690106 1.097428
v 0.222335 2.475853 1.038030
v 0.000000 2.993107 1.181430
v 0.000000 2.387106 1.013426
v 0.314429 2.690106 1.097428
v -0.222335 2.475853 1.038030
v -0.222335 2.904360 1.156827
v 0.222335 2.926347 1.079872
v -0.314429 2.712093 1.020473
v 0.222335 2.497840 0.961075
v 0.000000 3.015093 1.104476
v 0.000000 2.409093 0.936471
v 0.314429 2.712093 1.020473
v -0.222335 2.497840 0.961075
v -0.222335 2.926347 1.079872
v 0.000000 2.926347 1.079872
v 0.000000 2.712093 1.020473
v 0.000000 2.497840 0.961075
v 0.000000 3.015093 1.104476
v 0.000000 2.409093 0.936471
v 0.000000 2.712093 1.020473
v 0.000000 2.497840 0.961075
v 0.000000 2.926347 1.079872
v -0.691452 3.060079 2.028280
v -0.691452 1.727440 1.658826
v 0.977861 2.393760 1.843553
v 0.000000 1.451441 1.582310
v -0.000000 3.336077 2.104796
v 0.691452 1.727440 1.658826
v -0.977861 2.393760 1.843553
v 0.845457 3.208486 2.069424
v -0.845457 3.208486 2.069424
v -0.845457 1.579033 1.617682
v 1.195657 2.393760 1.843553
v -1.195657 2.393760 1.843553
v 0.845457 1.579033 1.617683
v 0.000000 1.241561 1.524124
v -0.000000 3.545956 2.162982
v 0.691452 3.060079 2.028280
v 0.920648 3.323504 1.935997
v -0.920648 3.323504 1.935997
v -0.920648 1.549134 1.444080
v 1.301993 2.436319 1.690039
v -1.301993 2.436319 1.690039
v 0.920648 1.549134 1.444080
v 0.000000 1.181649 1.342201
v -0.000000 3.690987 2.037876
v 0.920648 3.279132 2.096048
v -0.920648 3.279132 2.096048
v -0.920648 1.504763 1.604130
v 1.301993 2.391948 1.850089
v -1.301993 2.391948 1.850089
v 0.920648 1.504763 1.604131
v 0.000000 1.137278 1.502252
v -0.000000 3.646616 2.197927
v 0.845457 3.181103 2.168196
v -0.845457 3.181103 2.168196
v -0.845457 1.551650 1.716455
v 1.195657 2.366377 1.942325
v -1.195657 2.366377 1.942325
v 0.845457 1.551650 1.716455
v 0.000000 1.214178 1.622896
v -0.000000 3.518573 2.261754
v 0.920648 3.251750 2.194820
v -0.920648 3.251750 2.194820
v -0.920648 1.477380 1.702902
v 1.301993 2.364565 1.948861
v -1.301993 2.364565 1.948861
v 0.920648 1.477380 1.702903
v 0.000000 1.109895 1.601024
v -0.000000 3.619233 2.296699
g L3
usemtl None
s off
f 544 546 554
g Base
f 61 62 94
f 28 29 61
g L3
f 543 540 551
g Base
f 6 7 39
f 26 27 59
f 4 5 37
f 15 16 48
f 24 25 57
f 2 3 35
f 13 14 46
f 22 23 55
f 11 12 44
f 31 32 64
f 20 21 53
f 9 10 42
f 29 30 62
f 18 19 51
f 7 8 40
f 27 28 60
f 5 6 38
g L3
f 538 533 546
g Base
f 25 26 58
f 3 4 36
f 14 15 47
f 23 24 56
g L3
f 533 539 541
g Base
f 12 13 45
g L3
f 537 534 542
g Base
f 21 22 54
f 10 11 43
f 30 31 63
f 19 20 52
f 8 9 41
f 95 96 128
f 50 51 83
f 39 40 72
f 59 60 92
f 37 38 70
f 48 49 81
f 57 58 90
f 35 36 68
f 46 47 79
f 55 56 88
f 33 34 66
f 44 45 77
f 64 33 65
f 53 54 86
f 42 43 75
f 62 63 95
f 51 52 84
f 40 41 73
f 60 61 93
f 49 50 82
f 38 39 71
f 58 59 91
f 36 37 69
f 47 48 80
f 56 57 89
f 34 35 67
f 45 46 78
f 54 55 87
f 43 44 76
f 63 64 96
f 52 53 85
f 41 42 74
g L3
f 534 536 544
g Base
f 84 85 117
f 73 74 106
f 93 94 126
f 82 83 115
f 71 72 104
f 91 92 124
f 69 70 102
g L3
f 532 537 545
g Base
f 89 90 122
f 67 68 100
f 78 79 111
f 87 88 120
g L3
f 539 535 547
g Base
f 76 77 109
g L3
f 536 538 544
g Base
f 85 86 118
f 74 75 107
f 94 95 127
f 83 84 116
f 72 73 105
f 92 93 125
g L3
f 507 490 530
g Base
f 70 71 103
f 90 91 123
f 68 69 101
f 79 80 112
f 88 89 121
f 66 67 99
f 77 78 110
f 86 87 119
f 75 76 108
f 7 6 135
g L3
f 490 492 529
g Base
f 5 4 133
f 16 15 143
g L3
f 492 494 525
g Base
f 3 2 131
f 14 13 141
g L3
f 519 520 192
g Base
f 12 11 139
g L3
f 520 521 279
f 530 522 512
g Base
f 10 9 137
g L3
f 525 526 506
f 529 525 190
g Base
f 8 7 136
g L3
f 526 519 191
g Base
f 6 5 134
g L3
f 521 530 512
f 188 187 154
g Base
f 4 3 132
f 15 14 142
g L3
f 187 186 160
f 182 185 149
g Base
f 13 12 140
g L3
f 184 183 151
f 189 184 157
g Base
f 11 10 138
g L3
f 183 188 158
f 186 182 149
g Base
f 9 8 137
g L3
f 535 532 540
g Base
f 107 108 171
g L3
f 17 147 575
f 147 155 577
g Base
f 105 106 169
g L3
f 156 17 573
f 584 582 607
g Base
f 103 104 168
g L3
f 580 583 608
g Base
f 101 102 166
g L3
f 523 516 589
f 155 97 574
g Base
f 99 100 164
f 110 111 174
g L3
f 517 523 592
f 153 113 532
g Base
f 108 109 172
g L3
f 159 180 536
f 185 189 178
g Base
f 106 107 170
g L3
f 181 153 539
f 113 179 537
g Base
f 104 105 169
g L3
f 152 159 536
f 179 152 534
g Base
f 102 103 167
g L3
f 191 192 188
g Base
f 100 101 165
f 111 112 175
g L3
f 192 279 187
g Base
f 98 99 163
f 109 110 173
f 197 198 194
f 198 199 195
f 199 200 196
f 200 197 193
f 193 194 195
f 200 199 198
f 245 239 202
f 239 240 203
f 246 241 232
f 201 204 214
f 230 202 203
f 208 212 216
f 234 211 210
f 231 207 211
f 207 206 210
f 229 205 209
f 242 244 213
f 215 209 205
f 220 208 216
f 243 201 213
f 229 206 218
f 206 207 219
f 231 208 220
f 216 215 221
f 225 220 222
f 205 217 215
f 235 218 223
f 218 219 224
f 236 220 225
f 222 221 228
f 217 227 221
f 241 225 242
f 243 245 230
f 240 246 203
f 201 230 232
f 212 234 233
f 208 231 212
f 206 229 210
f 205 229 235
f 207 231 236
f 217 235 237
f 219 236 238
f 237 223 239
f 223 224 240
f 238 225 246
f 226 228 244
f 227 243 244
f 204 241 214
f 227 237 245
f 224 238 240
f 215 216 212
g L1
f 258 256 274
f 253 255 266
f 249 250 251
f 256 254 273
f 255 257 267
f 251 252 254
f 262 260 276
f 257 259 268
f 253 254 256
f 264 262 277
f 259 261 269
f 255 256 258
f 261 263 270
f 257 258 260
f 249 251 247
f 259 260 262
f 250 264 278
f 263 264 250
f 261 262 263
f 260 258 275
f 251 253 265
f 263 249 248
f 254 252 272
f 252 250 271
f 290 288 302
f 281 282 283
f 288 286 301
f 283 284 286
f 294 292 304
g L3
f 512 502 185
g L1
f 285 286 288
f 296 294 305
f 287 288 290
g L3
f 506 510 183
g L1
f 289 290 292
g L3
f 502 190 189
g L1
f 291 292 294
f 282 296 306
f 295 296 282
f 293 294 295
f 292 290 303
f 286 284 300
f 284 282 299
f 351 345 308
f 345 346 309
f 352 347 338
f 307 310 320
f 336 308 309
f 314 318 322
f 340 317 316
f 337 313 317
f 313 312 316
f 335 311 315
f 348 350 319
f 321 315 311
f 326 314 322
f 349 307 319
f 335 312 324
f 312 313 325
f 337 314 326
f 322 321 327
f 331 326 328
f 311 323 321
f 341 324 329
f 324 325 330
f 342 326 331
f 328 327 334
f 323 333 327
f 347 331 348
f 349 351 336
f 346 352 309
f 307 336 338
f 318 340 339
f 314 337 318
f 312 335 316
f 311 335 341
f 313 337 342
f 323 341 343
f 325 342 344
f 343 329 345
f 329 330 346
f 344 331 352
f 332 334 350
f 333 349 350
f 310 347 320
f 333 343 351
f 330 344 346
f 321 322 318
g L2
f 364 362 380
f 359 361 372
f 355 356 358
f 362 360 379
f 361 363 373
f 357 358 359
f 368 366 382
f 363 365 374
f 359 360 362
f 370 368 383
f 365 367 375
f 361 362 363
g L3
f 190 506 184
g L2
f 367 369 376
f 363 364 366
f 355 357 353
f 365 366 367
f 356 370 384
f 369 370 355
f 367 368 370
f 366 364 381
f 357 359 371
f 369 355 354
f 360 358 378
f 358 356 377
f 396 394 412
f 391 393 404
f 387 388 389
f 394 392 411
f 393 395 405
f 389 390 392
f 400 398 414
f 395 397 406
f 391 392 394
f 402 400 415
f 397 399 407
f 393 394 395
g L3
f 510 191 183
g L2
f 399 401 408
f 395 396 398
f 387 389 385
g L3
f 279 512 186
g L2
f 397 398 399
f 388 402 416
f 401 402 388
f 399 400 401
f 398 396 413
f 389 391 403
f 401 387 386
f 392 390 410
f 390 388 409
f 461 455 418
f 455 456 419
f 462 457 448
f 417 420 430
f 446 418 419
f 424 428 432
f 450 427 426
f 447 423 427
f 423 422 426
f 445 421 425
f 458 460 429
f 431 425 421
f 436 424 432
f 459 417 429
f 445 422 434
f 422 423 435
f 447 424 436
f 432 431 437
f 441 436 438
f 421 433 431
f 451 434 439
f 434 435 440
f 452 436 454
f 438 437 444
f 433 443 437
f 457 441 458
f 459 461 446
f 456 462 419
f 417 446 448
f 428 450 449
f 424 447 428
f 422 445 426
f 421 445 451
f 423 447 452
f 433 451 453
f 435 452 440
f 453 439 455
f 439 440 456
f 454 441 462
f 442 444 460
f 443 459 460
f 420 457 430
f 443 453 461
f 440 454 456
f 431 432 428
g L3
f 467 468 466
f 468 469 464
f 469 470 463
f 470 467 466
f 466 465 464
f 470 469 468
g L1
f 285 287 473
f 287 289 474
f 289 291 475
f 291 293 476
f 293 295 478
f 281 283 471
f 283 285 472
f 295 281 477
g L3
f 501 298 479
f 505 297 298
f 146 181 533
f 497 480 495
f 479 487 488
f 511 492 490
f 180 146 538
f 513 490 507
f 489 494 492
f 280 484 297
f 482 511 513
f 488 496 494
f 499 479 480
f 483 513 484
f 487 498 488
f 509 280 505
f 481 489 511
f 486 500 487
f 493 482 483
f 480 488 489
f 485 503 486
f 491 483 280
f 297 485 298
f 484 507 485
f 495 481 482
f 298 486 487
f 17 156 180
f 500 503 521
f 498 500 520
f 522 529 502
f 156 1 146
f 97 155 152
f 155 147 159
f 531 97 179
f 1 148 181
f 147 17 159
f 148 531 113
f 158 154 523
f 154 160 516
f 149 178 528
f 157 151 518
f 150 158 517
g Base
f 29 28 134
f 145 18 49
f 16 145 48
f 129 2 34
f 32 129 33
f 18 145 144
f 80 81 177
f 65 66 98
f 96 65 161
f 81 82 114
f 27 26 136
f 25 24 137
f 23 22 139
f 32 31 131
f 21 20 141
f 30 29 133
f 19 18 144
f 28 27 135
f 145 16 144
f 26 25 137
f 24 23 138
f 2 129 130
f 129 32 130
f 22 21 140
f 31 30 132
f 20 19 142
f 118 119 171
f 127 128 163
f 116 117 173
f 125 126 165
f 114 115 176
f 123 124 167
f 112 177 176
f 121 122 169
f 119 120 170
f 161 98 162
f 128 161 162
f 117 118 172
f 126 127 164
f 115 116 174
f 124 125 166
f 177 114 176
f 122 123 168
f 120 121 169
g L3
f 491 509 504
f 493 491 514
f 495 493 514
f 497 495 508
f 499 497 508
f 501 499 514
f 505 501 514
f 509 505 504
f 503 507 530
f 496 498 519
f 494 496 526
f 160 149 528
f 151 150 524
f 178 157 515
f 547 543 551
f 540 545 548
f 542 544 550
f 546 541 549
f 541 547 555
f 545 542 553
f 551 548 556
f 552 554 560
f 555 551 563
f 548 553 561
f 550 552 560
f 554 549 562
f 549 555 557
f 553 550 558
f 559 556 564
f 560 562 570
f 563 559 571
f 556 561 569
f 558 560 566
f 562 557 565
f 557 563 565
f 561 558 569
f 581 583 578
f 583 580 572
f 586 579 587
f 582 584 577
f 585 581 573
f 580 586 572
f 584 585 575
f 579 582 574
f 148 1 572
f 516 528 595
f 1 156 578
f 97 531 587
f 596 599 615
f 518 524 593
f 597 603 619
f 531 148 576
f 592 589 597
f 590 592 600
f 589 595 603
f 591 593 601
f 594 590 598
f 593 594 602
f 588 591 599
f 595 588 596
f 599 601 617
f 527 517 590
f 585 584 609
f 524 527 594
f 515 518 591
f 528 515 588
f 600 597 613
f 581 585 610
f 609 607 615
f 605 608 616
f 610 609 617
f 606 610 618
f 611 605 613
f 607 604 612
f 608 606 614
f 604 611 619
f 598 600 616
f 586 580 605
f 603 596 612
f 582 579 604
f 602 598 614
f 601 602 618
f 583 581 606
f 579 586 611
f 552 544 554
g Base
f 93 61 94
f 60 28 61
g L3
f 540 548 551
g Base
f 38 6 39
f 58 26 59
f 36 4 37
f 47 15 48
f 56 24 57
f 34 2 35
f 45 13 46
f 54 22 55
f 43 11 44
f 63 31 64
f 52 20 53
f 41 9 42
f 61 29 62
f 50 18 51
f 39 7 40
f 59 27 60
f 37 5 38
g L3
f 533 541 546
g Base
f 57 25 58
f 35 3 36
f 46 14 47
f 55 23 56
g L3
f 539 547 541
g Base
f 44 12 45
g L3
f 545 537 542
g Base
f 53 21 54
f 42 10 43
f 62 30 63
f 51 19 52
f 40 8 41
f 127 95 128
f 82 50 83
f 71 39 72
f 91 59 92
f 69 37 70
f 80 48 81
f 89 57 90
f 67 35 68
f 78 46 79
f 87 55 88
f 65 33 66
f 76 44 77
f 96 64 65
f 85 53 86
f 74 42 75
f 94 62 95
f 83 51 84
f 72 40 73
f 92 60 93
f 81 49 82
f 70 38 71
f 90 58 91
f 68 36 69
f 79 47 80
f 88 56 89
f 66 34 67
f 77 45 78
f 86 54 87
f 75 43 76
f 95 63 96
f 84 52 85
f 73 41 74
g L3
f 542 534 544
g Base
f 116 84 117
f 105 73 106
f 125 93 126
f 114 82 115
f 103 71 104
f 123 91 124
f 101 69 102
g L3
f 540 532 545
g Base
f 121 89 122
f 99 67 100
f 110 78 111
f 119 87 120
g L3
f 535 543 547
g Base
f 108 76 109
g L3
f 538 546 544
g Base
f 117 85 118
f 106 74 107
f 126 94 127
f 115 83 116
f 104 72 105
f 124 92 125
g L3
f 490 522 530
g Base
f 102 70 103
f 122 90 123
f 100 68 101
f 111 79 112
f 120 88 121
f 98 66 99
f 109 77 110
f 118 86 119
f 107 75 108
f 6 134 135
g L3
f 522 490 529
g Base
f 4 132 133
f 144 16 143
g L3
f 529 492 525
g Base
f 2 130 131
f 142 14 141
g L3
f 191 519 192
g Base
f 140 12 139
g L3
f 192 520 279
f 522 502 512
g Base
f 138 10 137
g L3
f 526 510 506
f 525 506 190
g Base
f 7 135 136
g L3
f 510 526 191
g Base
f 5 133 134
g L3
f 279 521 512
f 158 188 154
g Base
f 3 131 132
f 143 15 142
g L3
f 154 187 160
f 185 178 149
g Base
f 141 13 140
g L3
f 183 150 151
f 184 151 157
g Base
f 139 11 138
g L3
f 150 183 158
f 160 186 149
g Base
f 8 136 137
g L3
f 543 535 540
g Base
f 108 172 171
g L3
f 573 17 575
f 575 147 577
g Base
f 106 170 169
g L3
f 578 156 573
f 609 584 607
g Base
f 167 103 168
g L3
f 605 580 608
g Base
f 165 101 166
g L3
f 592 523 589
f 577 155 574
g Base
f 163 99 164
f 111 175 174
g L3
f 590 517 592
f 535 153 532
g Base
f 109 173 172
g L3
f 180 538 536
f 189 157 178
g Base
f 107 171 170
g L3
f 153 535 539
f 532 113 537
g Base
f 168 104 169
g L3
f 534 152 536
f 537 179 534
g Base
f 166 102 167
g L3
f 192 187 188
g Base
f 164 100 165
f 112 176 175
g L3
f 279 186 187
g Base
f 162 98 163
f 110 174 173
f 193 197 194
f 194 198 195
f 195 199 196
f 196 200 193
f 196 193 195
f 197 200 198
f 230 245 202
f 202 239 203
f 241 204 232
f 213 201 214
f 232 230 203
f 233 234 210
f 234 231 211
f 211 207 210
f 233 229 209
f 214 242 213
f 222 220 216
f 244 243 213
f 235 229 218
f 218 206 219
f 236 231 220
f 222 216 221
f 226 225 222
f 217 221 215
f 237 235 223
f 223 218 224
f 238 236 225
f 226 222 228
f 227 228 221
f 225 226 242
f 201 243 230
f 246 232 203
f 204 201 232
f 209 212 233
f 231 234 212
f 229 233 210
f 217 205 235
f 219 207 236
f 227 217 237
f 224 219 238
f 245 237 239
f 239 223 240
f 225 241 246
f 242 226 244
f 228 227 244
f 241 242 214
f 243 227 245
f 238 246 240
f 209 215 212
g L1
f 275 258 274
f 265 253 266
f 250 252 251
f 274 256 273
f 266 255 267
f 253 251 254
f 277 262 276
f 267 257 268
f 255 253 256
f 278 264 277
f 268 259 269
f 257 255 258
f 269 261 270
f 259 257 260
f 248 249 247
f 261 259 262
f 271 250 278
f 249 263 250
f 262 264 263
f 276 260 275
f 247 251 265
f 270 263 248
f 273 254 272
f 272 252 271
f 303 290 302
f 282 284 283
f 302 288 301
f 285 283 286
f 305 294 304
g L3
f 182 512 185
g L1
f 287 285 288
f 306 296 305
f 289 287 290
g L3
f 184 506 183
g L1
f 291 289 292
g L3
f 185 502 189
g L1
f 293 291 294
f 299 282 306
f 281 295 282
f 294 296 295
f 304 292 303
f 301 286 300
f 300 284 299
f 336 351 308
f 308 345 309
f 347 310 338
f 319 307 320
f 338 336 309
f 339 340 316
f 340 337 317
f 317 313 316
f 339 335 315
f 320 348 319
f 328 326 322
f 350 349 319
f 341 335 324
f 324 312 325
f 342 337 326
f 328 322 327
f 332 331 328
f 323 327 321
f 343 341 329
f 329 324 330
f 344 342 331
f 332 328 334
f 333 334 327
f 331 332 348
f 307 349 336
f 352 338 309
f 310 307 338
f 315 318 339
f 337 340 318
f 335 339 316
f 323 311 341
f 325 313 342
f 333 323 343
f 330 325 344
f 351 343 345
f 345 329 346
f 331 347 352
f 348 332 350
f 334 333 350
f 347 348 320
f 349 333 351
f 344 352 346
f 315 321 318
g L2
f 381 364 380
f 371 359 372
f 357 355 358
f 380 362 379
f 372 361 373
f 358 360 359
f 383 368 382
f 373 363 374
f 361 359 362
f 384 370 383
f 374 365 375
f 362 364 363
g L3
f 189 190 184
g L2
f 375 367 376
f 365 363 366
f 354 355 353
f 366 368 367
f 377 356 384
f 370 356 355
f 369 367 370
f 382 366 381
f 353 357 371
f 376 369 354
f 379 360 378
f 378 358 377
f 413 396 412
f 403 391 404
f 388 390 389
f 412 394 411
f 404 393 405
f 391 389 392
f 415 400 414
f 405 395 406
f 393 391 394
f 416 402 415
f 406 397 407
f 394 396 395
g L3
f 191 188 183
g L2
f 407 399 408
f 397 395 398
f 386 387 385
g L3
f 512 182 186
g L2
f 398 400 399
f 409 388 416
f 387 401 388
f 400 402 401
f 414 398 413
f 385 389 403
f 408 401 386
f 411 392 410
f 410 390 409
f 446 461 418
f 418 455 419
f 457 420 448
f 429 417 430
f 448 446 419
f 449 450 426
f 450 447 427
f 427 423 426
f 449 445 425
f 430 458 429
f 438 436 432
f 460 459 429
f 451 445 434
f 434 422 435
f 452 447 436
f 438 432 437
f 442 441 438
f 433 437 431
f 453 451 439
f 439 434 440
f 436 441 454
f 442 438 444
f 443 444 437
f 441 442 458
f 417 459 446
f 462 448 419
f 420 417 448
f 425 428 449
f 447 450 428
f 445 449 426
f 433 421 451
f 435 423 452
f 443 433 453
f 452 454 440
f 461 453 455
f 455 439 456
f 441 457 462
f 458 442 460
f 444 443 460
f 457 458 430
f 459 443 461
f 454 462 456
f 425 431 428
g L3
f 468 465 466
f 465 468 464
f 464 469 463
f 463 470 466
f 463 466 464
f 467 470 468
g L1
f 472 285 473
f 473 287 474
f 474 289 475
f 475 291 476
f 476 293 478
f 477 281 471
f 471 283 472
f 478 295 477
g L3
f 499 501 479
f 501 505 298
f 181 539 533
f 480 481 495
f 480 479 488
f 513 511 490
f 146 533 538
f 484 513 507
f 511 489 492
f 484 485 297
f 483 482 513
f 489 488 494
f 497 499 480
f 280 483 484
f 498 496 488
f 280 297 505
f 482 481 511
f 500 498 487
f 491 493 483
f 481 480 489
f 503 500 486
f 509 491 280
f 485 486 298
f 507 503 485
f 493 495 482
f 479 298 487
f 156 146 180
f 520 500 521
f 519 498 520
f 529 190 502
f 1 181 146
f 179 97 152
f 152 155 159
f 113 531 179
f 148 153 181
f 17 180 159
f 153 148 113
f 517 158 523
f 523 154 516
f 178 515 528
f 151 524 518
f 527 150 517
g Base
f 133 29 134
f 18 50 49
f 145 49 48
f 33 129 34
f 64 32 33
f 112 80 177
f 161 65 98
f 128 96 161
f 177 81 114
f 135 27 136
f 24 138 137
f 22 140 139
f 130 32 131
f 20 142 141
f 132 30 133
f 143 19 144
f 134 28 135
f 136 26 137
f 23 139 138
f 21 141 140
f 131 31 132
f 19 143 142
f 172 118 171
f 128 162 163
f 174 116 173
f 126 164 165
f 115 175 176
f 124 166 167
f 122 168 169
f 171 119 170
f 173 117 172
f 127 163 164
f 175 115 174
f 125 165 166
f 123 167 168
f 170 120 169
g L3
f 491 504 514
f 508 495 514
f 499 508 514
f 504 505 514
f 521 503 530
f 526 496 519
f 525 494 526
f 516 160 528
f 150 527 524
f 157 518 515
f 555 547 551
f 545 553 548
f 544 552 550
f 554 546 549
f 549 541 555
f 542 550 553
f 559 551 556
f 554 562 560
f 551 559 563
f 556 548 561
f 558 550 560
f 549 557 562
f 555 563 557
f 561 553 558
f 567 559 564
f 568 560 570
f 559 567 571
f 564 556 569
f 560 568 566
f 570 562 565
f 563 571 565
f 558 566 569
f 573 581 578
f 578 583 572
f 576 586 587
f 574 582 577
f 575 585 573
f 586 576 572
f 577 584 575
f 587 579 574
f 576 148 572
f 589 516 595
f 572 1 578
f 574 97 587
f 612 596 615
f 591 518 593
f 613 597 619
f 587 531 576
f 600 592 597
f 598 590 600
f 597 589 603
f 599 591 601
f 602 594 598
f 601 593 602
f 596 588 599
f 603 595 596
f 615 599 617
f 594 527 590
f 610 585 609
f 593 524 594
f 588 515 591
f 595 528 588
f 616 600 613
f 606 581 610
f 617 609 615
f 613 605 616
f 618 610 617
f 614 606 618
f 619 611 613
f 615 607 612
f 616 608 614
f 612 604 619
f 614 598 616
f 611 586 605
f 619 603 612
f 607 582 604
f 618 602 614
f 617 601 618
f 608 583 606
f 604 579 611
