# Blender v2.67 (sub 0) OBJ File: 'luxor.blend'
# www.blender.org
mtllib luxor.mtl
o Cube_Cube.001
v -1.000000 0.000000 0.000000
v 0.000000 0.000000 -1.000000
v 1.000000 0.000000 0.000000
v 0.000000 0.000000 1.000000
v 0.000000 1.000000 0.000000
v -0.750000 0.750000 0.000000
v -0.750000 0.000000 -0.750000
v -0.750000 0.000000 0.750000
v 0.000000 0.750000 -0.750000
v 0.750000 0.000000 -0.750000
v 0.750000 0.750000 0.000000
v 0.750000 0.000000 0.750000
v 0.000000 0.750000 0.750000
v 0.000000 -0.003424 0.000000
v -0.555556 0.555556 0.555556
v -0.555556 0.555556 -0.555556
v 0.555556 0.555556 -0.555556
v 0.555556 0.555556 0.555556
v -0.002979 0.973952 -0.213880
v -0.002979 2.205120 -0.213880
v 0.148493 0.973952 -0.151139
v 0.148493 2.205120 -0.151139
v 0.211234 0.973952 0.000333
v 0.211234 2.205120 0.000333
v 0.148493 0.973952 0.151804
v 0.148493 2.205120 0.151804
v -0.002979 0.973952 0.214546
v -0.002979 2.205120 0.214546
v -0.154450 0.973952 0.151804
v -0.154450 2.205120 0.151804
v -0.217192 0.973952 0.000333
v -0.217192 2.205120 0.000333
v -0.154450 0.973952 -0.151139
v -0.154450 2.205120 -0.151139
v -0.002979 2.480442 -0.142025
v -0.002979 3.510459 0.532393
v 0.148493 2.446073 -0.089534
v 0.148493 3.476089 0.584884
v 0.211234 2.363098 0.037189
v 0.211234 3.393116 0.711607
v 0.148493 2.280124 0.163913
v 0.148493 3.310141 0.838331
v -0.002979 2.245755 0.216404
v -0.002979 3.275772 0.890822
v -0.154450 2.280124 0.163913
v -0.154450 3.310141 0.838331
v -0.217192 2.363098 0.037189
v -0.217192 3.393116 0.711607
v -0.154450 2.446073 -0.089534
v -0.154450 3.476089 0.584884
v -0.002979 3.734664 0.919536
v -0.002979 3.727318 2.150682
v 0.148493 3.671924 0.919162
v 0.148493 3.664577 2.150308
v 0.211234 3.520455 0.918258
v 0.211234 3.513109 2.149404
v 0.148493 3.368986 0.917354
v 0.148493 3.361640 2.148500
v -0.002979 3.306246 0.916980
v -0.002979 3.298900 2.148126
v -0.154450 3.368986 0.917354
v -0.154450 3.361640 2.148500
v -0.217192 3.520455 0.918258
v -0.217192 3.513109 2.149404
v -0.154450 3.671924 0.919162
v -0.154450 3.664577 2.150308
v -1.000000 3.505651 5.127524
v 0.000000 2.505651 5.127524
v 1.000000 3.505651 5.127524
v 0.000000 4.505651 5.127524
v 0.000000 3.505651 2.141895
v -0.750000 3.505651 2.391895
v -0.750000 2.755651 5.127524
v -0.750000 4.255651 5.127524
v 0.000000 2.755651 2.391895
v 0.750000 2.755651 5.127524
v 0.750000 3.505651 2.391895
v 0.750000 4.255651 5.127524
v 0.000000 4.255651 2.391895
v 0.000000 3.505651 5.130949
v -0.555556 4.061207 2.586339
v -0.555556 2.950096 2.586339
v 0.555556 2.950096 2.586339
v 0.555556 4.061207 2.586339
usemtl None
s off
f 1 8 15 6
f 1 6 16 7
f 2 7 16 9
f 2 9 17 10
f 3 10 17 11
f 3 11 18 12
f 4 12 18 13
f 4 13 15 8
f 14 3 12 4
f 14 2 10 3
f 5 13 18 11
f 5 11 17 9
f 5 9 16 6
f 5 6 15 13
f 14 1 7 2
f 1 14 4 8
f 19 20 22 21
f 21 22 24 23
f 23 24 26 25
f 25 26 28 27
f 27 28 30 29
f 29 30 32 31
f 33 34 20 19
f 31 32 34 33
f 35 36 38 37
f 37 38 40 39
f 39 40 42 41
f 41 42 44 43
f 43 44 46 45
f 45 46 48 47
f 49 50 36 35
f 47 48 50 49
f 51 52 54 53
f 53 54 56 55
f 55 56 58 57
f 57 58 60 59
f 59 60 62 61
f 61 62 64 63
f 65 66 52 51
f 63 64 66 65
f 67 74 81 72
f 67 72 82 73
f 68 73 82 75
f 68 75 83 76
f 69 76 83 77
f 69 77 84 78
f 70 78 84 79
f 70 79 81 74
f 80 69 78 70
f 80 68 76 69
f 71 79 84 77
f 71 77 83 75
f 71 75 82 72
f 71 72 81 79
f 80 67 73 68
f 67 80 70 74
