# Blender v2.67 (sub 0) OBJ File: 'pendulum.blend'
# www.blender.org
mtllib pendulum.mtl
o Cylinder
v -0.195090 1.933698 0.000000
v -0.382683 1.876792 0.000000
v -0.555570 1.784382 0.000000
v -0.707107 1.660020 0.000000
v -0.831470 1.508483 0.000000
v -0.923880 1.335596 0.000000
v -0.980785 1.148003 0.000000
v -1.000000 0.952913 0.000000
v -0.980785 0.757823 0.000000
v -0.923880 0.570229 0.000000
v -0.831470 0.397343 0.000000
v -0.707107 0.245806 0.000000
v -0.555570 0.121443 0.000000
v -0.382683 0.029033 0.000000
v -0.195090 -0.027873 0.000000
v -0.191342 1.933698 -0.038060
v -0.375330 1.876792 -0.074658
v -0.544895 1.784382 -0.108386
v -0.693520 1.660020 -0.137950
v -0.815493 1.508483 -0.162212
v -0.906127 1.335596 -0.180240
v -0.961940 1.148003 -0.191342
v -0.980785 0.952913 -0.195090
v -0.961940 0.757823 -0.191342
v -0.906127 0.570229 -0.180240
v -0.815493 0.397343 -0.162212
v -0.693520 0.245806 -0.137950
v -0.544895 0.121443 -0.108386
v -0.375330 0.029033 -0.074658
v -0.191341 -0.027873 -0.038060
v -0.180240 1.933698 -0.074658
v -0.353553 1.876792 -0.146447
v -0.513280 1.784382 -0.212608
v -0.653281 1.660020 -0.270598
v -0.768178 1.508483 -0.318190
v -0.853553 1.335596 -0.353553
v -0.906127 1.148003 -0.375330
v -0.923880 0.952913 -0.382684
v -0.906127 0.757823 -0.375330
v -0.853553 0.570229 -0.353554
v -0.768178 0.397343 -0.318190
v -0.653281 0.245806 -0.270598
v -0.513280 0.121443 -0.212608
v -0.353553 0.029033 -0.146447
v -0.180240 -0.027873 -0.074658
v -0.162212 1.933698 -0.108387
v -0.318190 1.876792 -0.212608
v -0.461940 1.784382 -0.308658
v -0.587938 1.660020 -0.392848
v -0.691342 1.508483 -0.461940
v -0.768178 1.335596 -0.513280
v -0.815493 1.148003 -0.544895
v -0.831469 0.952913 -0.555570
v -0.815493 0.757823 -0.544895
v -0.768178 0.570229 -0.513280
v -0.691342 0.397343 -0.461940
v -0.587938 0.245806 -0.392848
v -0.461940 0.121443 -0.308658
v -0.318189 0.029033 -0.212608
v -0.162211 -0.027873 -0.108386
v -0.137950 1.933698 -0.137950
v -0.270598 1.876792 -0.270598
v -0.392847 1.784382 -0.392848
v -0.500000 1.660020 -0.500000
v -0.587938 1.508483 -0.587938
v -0.653281 1.335596 -0.653282
v -0.693520 1.148003 -0.693520
v -0.707107 0.952913 -0.707107
v -0.693520 0.757823 -0.693520
v -0.653281 0.570229 -0.653282
v -0.587938 0.397343 -0.587938
v -0.500000 0.245806 -0.500000
v -0.392847 0.121443 -0.392848
v -0.270598 0.029033 -0.270598
v -0.137949 -0.027873 -0.137950
v -0.108386 1.933698 -0.162212
v -0.212607 1.876792 -0.318190
v -0.308658 1.784382 -0.461940
v -0.392847 1.660020 -0.587938
v -0.461940 1.508483 -0.691342
v -0.513280 1.335596 -0.768178
v -0.544895 1.148003 -0.815493
v -0.555570 0.952913 -0.831470
v -0.544895 0.757823 -0.815493
v -0.513280 0.570229 -0.768178
v -0.461940 0.397343 -0.691342
v -0.392847 0.245806 -0.587938
v -0.308658 0.121443 -0.461940
v -0.212607 0.029033 -0.318190
v -0.108386 -0.027873 -0.162212
v -0.074658 1.933698 -0.180240
v -0.146446 1.876792 -0.353554
v -0.212607 1.784382 -0.513280
v -0.270598 1.660020 -0.653282
v -0.318189 1.508483 -0.768178
v -0.353553 1.335596 -0.853553
v -0.375330 1.148003 -0.906128
v -0.382683 0.952913 -0.923880
v -0.375330 0.757823 -0.906128
v -0.353553 0.570229 -0.853553
v -0.318189 0.397343 -0.768178
v -0.270598 0.245806 -0.653282
v -0.212607 0.121443 -0.513280
v -0.146446 0.029033 -0.353553
v -0.074658 -0.027873 -0.180240
v -0.038060 1.933698 -0.191342
v -0.074658 1.876792 -0.375331
v -0.108386 1.784382 -0.544895
v -0.137949 1.660020 -0.693520
v -0.162211 1.508483 -0.815493
v -0.180240 1.335596 -0.906128
v -0.191341 1.148003 -0.961940
v -0.195090 0.952913 -0.980785
v -0.191341 0.757823 -0.961940
v -0.180240 0.570229 -0.906128
v -0.162211 0.397343 -0.815493
v -0.137949 0.245806 -0.693520
v -0.108386 0.121443 -0.544895
v -0.074658 0.029033 -0.375330
v -0.038060 -0.027873 -0.191342
v 0.000000 1.933698 -0.195091
v 0.000000 1.876792 -0.382684
v 0.000000 1.784382 -0.555570
v 0.000000 1.660020 -0.707107
v 0.000000 1.508483 -0.831470
v 0.000000 1.335596 -0.923880
v 0.000000 1.148003 -0.980785
v 0.000000 0.952913 -1.000000
v 0.000000 0.757823 -0.980785
v 0.000000 0.570229 -0.923880
v 0.000000 0.397343 -0.831470
v 0.000000 0.245806 -0.707107
v 0.000000 0.121443 -0.555570
v 0.000000 0.029033 -0.382684
v 0.000000 -0.027873 -0.195090
v 0.038061 1.933698 -0.191342
v 0.074658 1.876792 -0.375330
v 0.108387 1.784382 -0.544895
v 0.137950 1.660020 -0.693520
v 0.162212 1.508483 -0.815493
v 0.180240 1.335596 -0.906127
v 0.191342 1.148003 -0.961940
v 0.195091 0.952913 -0.980785
v 0.191342 0.757823 -0.961940
v 0.180240 0.570229 -0.906127
v 0.162212 0.397343 -0.815493
v 0.137950 0.245806 -0.693520
v 0.108387 0.121443 -0.544895
v 0.074658 0.029033 -0.375330
v 0.038061 -0.027873 -0.191342
v 0.074658 1.933698 -0.180240
v 0.146447 1.876792 -0.353554
v 0.212608 1.784382 -0.513280
v 0.270598 1.660020 -0.653282
v 0.318190 1.508483 -0.768178
v 0.353554 1.335596 -0.853553
v 0.375331 1.148003 -0.906127
v 0.382684 0.952913 -0.923880
v 0.375331 0.757823 -0.906127
v 0.353554 0.570229 -0.853553
v 0.318190 0.397343 -0.768178
v 0.270598 0.245806 -0.653282
v 0.212608 0.121443 -0.513280
v 0.146447 0.029033 -0.353553
v 0.074658 -0.027873 -0.180240
v 0.108387 1.933698 -0.162212
v 0.212608 1.876792 -0.318190
v 0.308659 1.784382 -0.461940
v 0.392848 1.660020 -0.587938
v 0.461940 1.508483 -0.691342
v 0.513280 1.335596 -0.768178
v 0.544895 1.148003 -0.815493
v 0.555571 0.952913 -0.831470
v 0.544895 0.757823 -0.815493
v 0.513280 0.570229 -0.768178
v 0.461940 0.397343 -0.691342
v 0.392848 0.245806 -0.587938
v 0.308659 0.121443 -0.461940
v 0.212608 0.029033 -0.318190
v 0.108387 -0.027873 -0.162212
v 0.137950 1.933698 -0.137950
v 0.270599 1.876792 -0.270598
v 0.392848 1.784382 -0.392847
v 0.500000 1.660020 -0.500000
v 0.587938 1.508483 -0.587938
v 0.653282 1.335596 -0.653281
v 0.693520 1.148003 -0.693520
v 0.707107 0.952913 -0.707107
v 0.693520 0.757823 -0.693520
v 0.653282 0.570229 -0.653281
v 0.587938 0.397343 -0.587938
v 0.500000 0.245806 -0.500000
v 0.392848 0.121443 -0.392847
v 0.270598 0.029033 -0.270598
v 0.137950 -0.027873 -0.137950
v 0.162212 1.933698 -0.108387
v 0.318190 1.876792 -0.212608
v 0.461940 1.784382 -0.308658
v 0.587938 1.660020 -0.392847
v 0.691342 1.508483 -0.461940
v 0.768178 1.335596 -0.513280
v 0.815493 1.148003 -0.544895
v 0.831470 0.952913 -0.555570
v 0.815493 0.757823 -0.544895
v 0.768178 0.570229 -0.513280
v 0.691342 0.397343 -0.461940
v 0.587938 0.245806 -0.392847
v 0.461940 0.121443 -0.308658
v 0.318190 0.029033 -0.212608
v 0.162212 -0.027873 -0.108386
v 0.180241 1.933698 -0.074658
v 0.353554 1.876792 -0.146447
v 0.513280 1.784382 -0.212607
v 0.653282 1.660020 -0.270598
v 0.768178 1.508483 -0.318190
v 0.853554 1.335596 -0.353553
v 0.906128 1.148003 -0.375330
v 0.923880 0.952913 -0.382683
v 0.906128 0.757823 -0.375330
v 0.853554 0.570229 -0.353553
v 0.768178 0.397343 -0.318190
v 0.653282 0.245806 -0.270598
v 0.513280 0.121443 -0.212607
v 0.353554 0.029033 -0.146447
v 0.180240 -0.027873 -0.074658
v 0.191342 1.933698 -0.038060
v 0.375331 1.876792 -0.074658
v 0.544895 1.784382 -0.108386
v 0.693520 1.660020 -0.137950
v 0.815493 1.508483 -0.162212
v 0.906128 1.335596 -0.180240
v 0.961940 1.148003 -0.191342
v 0.980785 0.952913 -0.195090
v 0.961940 0.757823 -0.191342
v 0.906128 0.570229 -0.180240
v 0.815493 0.397343 -0.162212
v 0.693520 0.245806 -0.137950
v 0.544895 0.121443 -0.108386
v 0.375331 0.029033 -0.074658
v 0.191342 -0.027873 -0.038060
v 0.195091 1.933698 0.000000
v 0.382684 1.876792 0.000000
v 0.555570 1.784382 0.000000
v 0.707107 1.660020 0.000000
v 0.831470 1.508483 0.000000
v 0.923880 1.335596 0.000000
v 0.980785 1.148003 0.000000
v 1.000000 0.952913 0.000000
v 0.980785 0.757823 0.000000
v 0.923880 0.570229 0.000000
v 0.831470 0.397343 0.000000
v 0.707107 0.245806 0.000000
v 0.555570 0.121443 0.000000
v 0.382684 0.029033 0.000000
v 0.195091 -0.027873 0.000000
v 0.191342 1.933698 0.038060
v 0.375331 1.876792 0.074658
v 0.544895 1.784382 0.108386
v 0.693520 1.660020 0.137950
v 0.815493 1.508483 0.162212
v 0.906128 1.335596 0.180240
v 0.961940 1.148003 0.191342
v 0.980785 0.952913 0.195090
v 0.961940 0.757823 0.191342
v 0.906128 0.570229 0.180240
v 0.815493 0.397343 0.162212
v 0.693520 0.245806 0.137950
v 0.544895 0.121443 0.108386
v 0.375331 0.029033 0.074658
v 0.191342 -0.027873 0.038060
v 0.180240 1.933698 0.074658
v 0.353554 1.876792 0.146447
v 0.513280 1.784382 0.212608
v 0.653282 1.660020 0.270598
v 0.768178 1.508483 0.318190
v 0.853553 1.335596 0.353553
v 0.906127 1.148003 0.375330
v 0.923880 0.952913 0.382684
v 0.906127 0.757823 0.375330
v 0.853553 0.570229 0.353553
v 0.768178 0.397343 0.318190
v 0.653282 0.245806 0.270598
v 0.513280 0.121443 0.212608
v 0.353554 0.029033 0.146447
v 0.180240 -0.027873 0.074658
v 0.162212 1.933698 0.108387
v 0.318190 1.876792 0.212608
v 0.461940 1.784382 0.308658
v 0.587938 1.660020 0.392847
v 0.691342 1.508483 0.461940
v 0.768178 1.335596 0.513280
v 0.815493 1.148003 0.544895
v 0.831470 0.952913 0.555570
v 0.815493 0.757823 0.544895
v 0.768178 0.570229 0.513280
v 0.691342 0.397343 0.461940
v 0.587938 0.245806 0.392847
v 0.461940 0.121443 0.308658
v 0.318190 0.029033 0.212608
v 0.162212 -0.027873 0.108386
v 0.137950 1.933698 0.137950
v 0.270598 1.876792 0.270598
v 0.392848 1.784382 0.392847
v 0.500000 1.660020 0.500000
v 0.587938 1.508483 0.587938
v 0.653282 1.335596 0.653281
v 0.693520 1.148003 0.693520
v 0.707107 0.952913 0.707107
v 0.693520 0.757823 0.693520
v 0.653282 0.570229 0.653281
v 0.587938 0.397343 0.587938
v 0.500000 0.245806 0.500000
v 0.392848 0.121443 0.392847
v 0.270598 0.029033 0.270598
v 0.137950 -0.027873 0.137950
v 0.108387 1.933698 0.162212
v 0.212608 1.876792 0.318190
v 0.308658 1.784382 0.461940
v 0.392848 1.660020 0.587938
v 0.461940 1.508483 0.691342
v 0.513280 1.335596 0.768178
v 0.544895 1.148003 0.815493
v 0.555570 0.952913 0.831469
v 0.544895 0.757823 0.815493
v 0.513280 0.570229 0.768178
v 0.461940 0.397343 0.691342
v 0.392848 0.245806 0.587938
v 0.308658 0.121443 0.461940
v 0.212608 0.029033 0.318190
v 0.108387 -0.027873 0.162212
v 0.000000 -0.047087 0.000000
v 0.074658 1.933698 0.180240
v 0.146447 1.876792 0.353554
v 0.212608 1.784382 0.513280
v 0.270598 1.660020 0.653281
v 0.318190 1.508483 0.768178
v 0.353553 1.335596 0.853553
v 0.375330 1.148003 0.906127
v 0.382683 0.952913 0.923879
v 0.375330 0.757823 0.906127
v 0.353554 0.570229 0.853553
v 0.318190 0.397343 0.768178
v 0.270598 0.245806 0.653281
v 0.212608 0.121443 0.513280
v 0.146447 0.029033 0.353553
v 0.074658 -0.027873 0.180240
v 0.038061 1.933698 0.191342
v 0.074658 1.876792 0.375330
v 0.108387 1.784382 0.544895
v 0.137950 1.660020 0.693520
v 0.162212 1.508483 0.815493
v 0.180240 1.335596 0.906127
v 0.191342 1.148003 0.961939
v 0.195090 0.952913 0.980785
v 0.191342 0.757823 0.961939
v 0.180240 0.570229 0.906127
v 0.162212 0.397343 0.815493
v 0.137950 0.245806 0.693520
v 0.108387 0.121443 0.544895
v 0.074658 0.029033 0.375330
v 0.038061 -0.027873 0.191342
v 0.000000 1.933698 0.195091
v 0.000000 1.876792 0.382683
v 0.000000 1.784382 0.555570
v 0.000000 1.660020 0.707106
v 0.000000 1.508483 0.831469
v 0.000000 1.335596 0.923879
v 0.000000 1.148003 0.980785
v 0.000000 0.952913 1.000000
v 0.000000 0.757823 0.980785
v 0.000000 0.570229 0.923879
v 0.000000 0.397343 0.831469
v 0.000000 0.245806 0.707106
v 0.000000 0.121443 0.555570
v 0.000000 0.029033 0.382683
v 0.000000 -0.027873 0.195090
v -0.038060 1.933698 0.191342
v -0.074658 1.876792 0.375330
v -0.108386 1.784382 0.544895
v -0.137949 1.660020 0.693520
v -0.162211 1.508483 0.815493
v -0.180240 1.335596 0.906127
v -0.191341 1.148003 0.961939
v -0.195090 0.952913 0.980785
v -0.191342 0.757823 0.961939
v -0.180240 0.570229 0.906127
v -0.162211 0.397343 0.815493
v -0.137949 0.245806 0.693520
v -0.108386 0.121443 0.544895
v -0.074658 0.029033 0.375330
v -0.038060 -0.027873 0.191342
v -0.074658 1.933698 0.180240
v -0.146446 1.876792 0.353553
v -0.212607 1.784382 0.513280
v -0.270598 1.660020 0.653281
v -0.318189 1.508483 0.768177
v -0.353553 1.335596 0.853553
v -0.375330 1.148003 0.906127
v -0.382683 0.952913 0.923879
v -0.375330 0.757823 0.906127
v -0.353553 0.570229 0.853553
v -0.318189 0.397343 0.768177
v -0.270598 0.245806 0.653281
v -0.212607 0.121443 0.513280
v -0.146446 0.029033 0.353553
v -0.074658 -0.027873 0.180240
v -0.108386 1.933698 0.162212
v -0.212607 1.876792 0.318190
v -0.308658 1.784382 0.461939
v -0.392847 1.660020 0.587937
v -0.461939 1.508483 0.691341
v -0.513280 1.335596 0.768177
v -0.544895 1.148003 0.815493
v -0.555570 0.952913 0.831469
v -0.544895 0.757823 0.815493
v -0.513279 0.570229 0.768177
v -0.461939 0.397343 0.691341
v -0.392847 0.245806 0.587937
v -0.308658 0.121443 0.461939
v -0.212607 0.029033 0.318189
v -0.108386 -0.027873 0.162212
v -0.137950 1.933698 0.137950
v -0.270598 1.876792 0.270598
v -0.392847 1.784382 0.392847
v -0.500000 1.660020 0.500000
v -0.587937 1.508483 0.587937
v -0.653281 1.335596 0.653281
v -0.693519 1.148003 0.693519
v -0.707106 0.952913 0.707106
v -0.693520 0.757823 0.693519
v -0.653281 0.570229 0.653281
v -0.587937 0.397343 0.587937
v -0.500000 0.245806 0.500000
v -0.392847 0.121443 0.392847
v -0.270598 0.029033 0.270598
v -0.137949 -0.027873 0.137950
v -0.162212 1.933698 0.108386
v -0.318189 1.876792 0.212607
v -0.461939 1.784382 0.308658
v -0.587937 1.660020 0.392847
v -0.691341 1.508483 0.461939
v -0.768177 1.335596 0.513279
v -0.815492 1.148003 0.544895
v -0.831469 0.952913 0.555570
v -0.815493 0.757823 0.544895
v -0.768177 0.570229 0.513280
v -0.691341 0.397343 0.461939
v -0.587937 0.245806 0.392847
v -0.461939 0.121443 0.308658
v -0.318189 0.029033 0.212607
v -0.162211 -0.027873 0.108386
v 0.000000 1.952913 0.000000
v -0.180240 1.933698 0.074658
v -0.353553 1.876792 0.146446
v -0.513279 1.784382 0.212607
v -0.653281 1.660020 0.270598
v -0.768177 1.508483 0.318189
v -0.853553 1.335596 0.353553
v -0.906127 1.148003 0.375330
v -0.923879 0.952913 0.382683
v -0.906127 0.757823 0.375330
v -0.853553 0.570229 0.353553
v -0.768177 0.397343 0.318189
v -0.653281 0.245806 0.270598
v -0.513279 0.121443 0.212607
v -0.353553 0.029033 0.146446
v -0.180240 -0.027873 0.074658
v -0.191342 1.933698 0.038060
v -0.375330 1.876792 0.074658
v -0.544895 1.784382 0.108386
v -0.693519 1.660020 0.137949
v -0.815493 1.508483 0.162211
v -0.906127 1.335596 0.180240
v -0.961939 1.148003 0.191341
v -0.980784 0.952913 0.195090
v -0.961939 0.757823 0.191341
v -0.906126 0.570229 0.180240
v -0.815493 0.397343 0.162211
v -0.693519 0.245806 0.137949
v -0.544895 0.121443 0.108386
v -0.375330 0.029033 0.074658
v -0.191341 -0.027873 0.038060
v 0.000000 6.625953 0.155268
v 0.000000 1.938905 0.155268
v -0.030291 6.625953 0.152284
v -0.030291 1.938905 0.152284
v -0.059418 6.625953 0.143448
v -0.059418 1.938905 0.143448
v -0.086262 6.625953 0.129100
v -0.086262 1.938905 0.129100
v -0.109791 6.625953 0.109791
v -0.109791 1.938905 0.109791
v -0.129100 6.625953 0.086262
v -0.129100 1.938905 0.086262
v -0.143448 6.625953 0.059418
v -0.143448 1.938905 0.059418
v -0.152284 6.625953 0.030291
v -0.152284 1.938905 0.030291
v -0.155268 6.625953 0.000000
v -0.155268 1.938905 0.000000
v -0.152284 6.625953 -0.030291
v -0.152284 1.938905 -0.030291
v -0.143448 6.625953 -0.059418
v -0.143448 1.938905 -0.059418
v -0.129100 6.625953 -0.086262
v -0.129100 1.938905 -0.086262
v -0.109791 6.625953 -0.109791
v -0.109791 1.938905 -0.109791
v -0.086262 6.625953 -0.129100
v -0.086262 1.938905 -0.129100
v -0.059418 6.625953 -0.143449
v -0.059418 1.938905 -0.143449
v -0.030291 6.625953 -0.152284
v -0.030291 1.938905 -0.152284
v 0.000000 6.625953 -0.155268
v 0.000000 1.938905 -0.155268
v 0.030291 6.625953 -0.152284
v 0.030291 1.938905 -0.152284
v 0.059418 6.625953 -0.143448
v 0.059418 1.938905 -0.143448
v 0.086262 6.625953 -0.129100
v 0.086262 1.938905 -0.129100
v 0.109791 6.625953 -0.109791
v 0.109791 1.938905 -0.109791
v 0.129100 6.625953 -0.086262
v 0.129100 1.938905 -0.086262
v 0.143449 6.625953 -0.059418
v 0.143449 1.938905 -0.059418
v 0.152284 6.625953 -0.030291
v 0.152284 1.938905 -0.030291
v 0.155268 6.625953 0.000000
v 0.155268 1.938905 0.000000
v 0.152284 6.625953 0.030291
v 0.152284 1.938905 0.030291
v 0.143448 6.625953 0.059418
v 0.143448 1.938905 0.059418
v 0.129100 6.625953 0.086262
v 0.129100 1.938905 0.086262
v 0.109791 6.625953 0.109791
v 0.109791 1.938905 0.109791
v 0.086262 6.625953 0.129100
v 0.086262 1.938905 0.129100
v 0.059418 6.625953 0.143449
v 0.059418 1.938905 0.143449
v 0.030291 6.625953 0.152284
v 0.030291 1.938905 0.152284
g Ball
usemtl None
s off
f 6 5 20
f 12 11 26
f 7 6 21
f 2 1 16
f 13 12 27
f 8 7 22
f 3 2 17
f 14 13 28
f 9 8 23
f 4 3 18
f 15 14 29
f 10 9 24
f 5 4 19
f 11 10 25
f 21 20 35
f 27 26 41
f 22 21 36
f 17 16 31
f 28 27 42
f 23 22 37
f 18 17 32
f 29 28 43
f 24 23 38
f 19 18 33
f 30 29 44
f 25 24 39
f 20 19 34
f 26 25 40
f 40 39 54
f 35 34 49
f 41 40 55
f 36 35 50
f 42 41 56
f 37 36 51
f 32 31 46
f 43 42 57
f 38 37 52
f 33 32 47
f 44 43 58
f 39 38 53
f 34 33 48
f 45 44 59
f 59 58 73
f 54 53 68
f 49 48 63
f 60 59 74
f 55 54 69
f 50 49 64
f 56 55 70
f 51 50 65
f 57 56 71
f 52 51 66
f 47 46 61
f 58 57 72
f 53 52 67
f 48 47 62
f 62 61 76
f 73 72 87
f 68 67 82
f 63 62 77
f 74 73 88
f 69 68 83
f 64 63 78
f 75 74 89
f 70 69 84
f 65 64 79
f 71 70 85
f 66 65 80
f 72 71 86
f 67 66 81
f 81 80 95
f 87 86 101
f 82 81 96
f 77 76 91
f 88 87 102
f 83 82 97
f 78 77 92
f 89 88 103
f 84 83 98
f 79 78 93
f 90 89 104
f 85 84 99
f 80 79 94
f 86 85 100
f 100 99 114
f 95 94 109
f 101 100 115
f 96 95 110
f 102 101 116
f 97 96 111
f 92 91 106
f 103 102 117
f 98 97 112
f 93 92 107
f 104 103 118
f 99 98 113
f 94 93 108
f 105 104 119
f 119 118 133
f 114 113 128
f 109 108 124
f 120 119 134
f 115 114 129
f 110 109 124
f 116 115 130
f 111 110 125
f 117 116 131
f 112 111 126
f 107 106 121
f 118 117 132
f 113 112 127
f 108 107 122
f 133 132 147
f 128 127 142
f 123 122 137
f 134 133 148
f 129 128 143
f 124 123 138
f 135 134 149
f 130 129 144
f 125 124 139
f 131 130 145
f 126 125 140
f 132 131 146
f 127 126 141
f 122 121 136
f 147 146 161
f 142 141 156
f 137 136 151
f 148 147 162
f 143 142 157
f 138 137 152
f 149 148 163
f 144 143 158
f 139 138 154
f 150 149 164
f 145 144 159
f 140 139 154
f 146 145 160
f 141 140 155
f 155 154 169
f 161 160 175
f 156 155 170
f 162 161 176
f 157 156 171
f 152 151 166
f 163 162 177
f 158 157 172
f 153 152 167
f 164 163 178
f 159 158 173
f 154 153 169
f 165 164 179
f 160 159 174
f 174 173 188
f 169 168 183
f 180 179 194
f 175 174 189
f 170 169 184
f 176 175 190
f 171 170 186
f 177 176 191
f 172 171 186
f 167 166 181
f 178 177 192
f 173 172 187
f 168 167 182
f 179 178 193
f 193 192 207
f 188 187 202
f 183 182 197
f 194 193 208
f 189 188 203
f 184 183 198
f 195 194 209
f 190 189 204
f 185 184 199
f 191 190 205
f 186 185 201
f 192 191 206
f 187 186 201
f 182 181 196
f 207 206 221
f 202 201 216
f 197 196 211
f 208 207 222
f 203 202 217
f 198 197 212
f 209 208 223
f 204 203 218
f 199 198 214
f 210 209 224
f 205 204 219
f 200 199 214
f 206 205 220
f 201 200 216
f 215 214 229
f 221 220 235
f 216 215 231
f 222 221 236
f 217 216 231
f 212 211 226
f 223 222 237
f 218 217 232
f 213 212 227
f 224 223 238
f 219 218 233
f 214 213 228
f 225 224 239
f 220 219 234
f 234 233 248
f 229 228 243
f 240 239 254
f 235 234 249
f 230 229 244
f 236 235 250
f 231 230 246
f 237 236 251
f 232 231 246
f 227 226 241
f 238 237 252
f 233 232 247
f 228 227 242
f 239 238 253
f 253 252 267
f 248 247 262
f 243 242 257
f 254 253 268
f 249 248 263
f 244 243 258
f 255 254 269
f 250 249 264
f 245 244 259
f 251 250 265
f 246 245 261
f 252 251 266
f 247 246 261
f 242 241 256
f 267 266 281
f 262 261 276
f 257 256 271
f 268 267 282
f 263 262 277
f 258 257 272
f 269 268 283
f 264 263 278
f 259 258 274
f 270 269 284
f 265 264 279
f 260 259 274
f 266 265 280
f 261 260 275
f 281 280 295
f 276 275 290
f 282 281 296
f 277 276 291
f 272 271 286
f 283 282 297
f 278 277 292
f 273 272 287
f 284 283 298
f 279 278 293
f 274 273 288
f 285 284 299
f 280 279 294
f 275 274 289
f 289 288 303
f 300 299 314
f 295 294 309
f 290 289 304
f 296 295 310
f 291 290 305
f 297 296 311
f 292 291 306
f 287 286 301
f 298 297 312
f 293 292 307
f 288 287 302
f 299 298 313
f 294 293 308
f 308 307 322
f 303 302 317
f 314 313 328
f 309 308 323
f 304 303 318
f 315 314 329
f 310 309 325
f 305 304 319
f 311 310 325
f 306 305 320
f 312 311 326
f 307 306 321
f 302 301 316
f 313 312 327
f 327 326 342
f 322 321 337
f 317 316 332
f 328 327 343
f 323 322 338
f 318 317 333
f 329 328 344
f 324 323 339
f 319 318 334
f 330 329 345
f 325 324 341
f 320 319 335
f 326 325 341
f 321 320 336
f 342 341 356
f 337 336 351
f 343 342 357
f 338 337 352
f 333 332 347
f 344 343 358
f 339 338 353
f 334 333 348
f 345 344 359
f 340 339 354
f 335 334 349
f 346 345 360
f 341 340 356
f 336 335 350
f 350 349 364
f 361 360 375
f 356 355 371
f 351 350 365
f 357 356 371
f 352 351 366
f 358 357 372
f 353 352 367
f 348 347 362
f 359 358 373
f 354 353 368
f 349 348 363
f 360 359 374
f 355 354 369
f 369 368 383
f 364 363 378
f 375 374 389
f 370 369 384
f 365 364 379
f 376 375 390
f 371 370 386
f 366 365 380
f 372 371 386
f 367 366 381
f 373 372 387
f 368 367 382
f 363 362 377
f 374 373 388
f 388 387 402
f 383 382 397
f 378 377 392
f 389 388 403
f 384 383 398
f 379 378 393
f 390 389 404
f 385 384 399
f 380 379 395
f 391 390 405
f 386 385 401
f 381 380 395
f 387 386 401
f 382 381 396
f 402 401 416
f 397 396 411
f 403 402 417
f 398 397 412
f 393 392 407
f 404 403 418
f 399 398 413
f 394 393 408
f 405 404 419
f 400 399 414
f 395 394 409
f 406 405 420
f 401 400 416
f 396 395 410
f 421 420 435
f 416 415 431
f 411 410 425
f 417 416 431
f 412 411 426
f 418 417 432
f 413 412 428
f 408 407 422
f 419 418 433
f 414 413 428
f 409 408 423
f 420 419 434
f 415 414 429
f 410 409 425
f 424 423 438
f 435 434 449
f 430 429 444
f 425 424 440
f 436 435 450
f 431 430 446
f 426 425 440
f 432 431 446
f 427 426 441
f 433 432 447
f 428 427 443
f 423 422 437
f 434 433 448
f 429 428 443
f 443 442 459
f 438 437 453
f 449 448 464
f 444 443 459
f 439 438 454
f 450 449 465
f 445 444 460
f 440 439 455
f 451 450 466
f 446 445 462
f 441 440 456
f 447 446 462
f 442 441 457
f 448 447 463
f 463 462 477
f 458 457 472
f 464 463 478
f 459 458 474
f 454 453 468
f 465 464 479
f 460 459 474
f 455 454 469
f 466 465 480
f 461 460 475
f 456 455 471
f 467 466 481
f 462 461 477
f 457 456 471
f 1 452 16
f 331 15 30
f 16 452 31
f 331 30 45
f 331 45 60
f 31 452 46
f 331 60 75
f 46 452 61
f 331 75 90
f 61 452 76
f 76 452 91
f 331 90 105
f 331 105 120
f 91 452 106
f 331 120 135
f 106 452 121
f 331 135 150
f 121 452 136
f 136 452 151
f 331 150 165
f 331 165 180
f 151 452 166
f 331 180 195
f 166 452 181
f 331 195 210
f 181 452 196
f 196 452 211
f 331 210 225
f 331 225 240
f 211 452 226
f 331 240 255
f 226 452 241
f 331 255 270
f 241 452 256
f 331 270 285
f 256 452 271
f 331 285 300
f 271 452 286
f 331 300 315
f 286 452 301
f 331 315 330
f 301 452 316
f 331 330 346
f 316 452 332
f 331 346 361
f 332 452 347
f 331 361 376
f 347 452 362
f 331 376 391
f 362 452 377
f 331 391 406
f 377 452 392
f 331 406 421
f 392 452 407
f 331 421 436
f 407 452 422
f 331 436 451
f 422 452 437
f 331 451 467
f 437 452 453
f 453 452 468
f 331 467 482
f 482 481 15
f 477 476 10
f 472 471 4
f 331 482 15
f 478 477 11
f 473 472 5
f 468 452 1
f 479 478 12
f 474 473 6
f 469 468 1
f 480 479 13
f 475 474 7
f 470 469 2
f 481 480 14
f 476 475 8
f 471 470 3
f 21 6 20
f 27 12 26
f 22 7 21
f 17 2 16
f 28 13 27
f 23 8 22
f 18 3 17
f 29 14 28
f 24 9 23
f 19 4 18
f 30 15 29
f 25 10 24
f 20 5 19
f 26 11 25
f 36 21 35
f 42 27 41
f 37 22 36
f 32 17 31
f 43 28 42
f 38 23 37
f 33 18 32
f 44 29 43
f 39 24 38
f 34 19 33
f 45 30 44
f 40 25 39
f 35 20 34
f 41 26 40
f 55 40 54
f 50 35 49
f 56 41 55
f 51 36 50
f 57 42 56
f 52 37 51
f 47 32 46
f 58 43 57
f 53 38 52
f 48 33 47
f 59 44 58
f 54 39 53
f 49 34 48
f 60 45 59
f 74 59 73
f 69 54 68
f 64 49 63
f 75 60 74
f 70 55 69
f 65 50 64
f 71 56 70
f 66 51 65
f 72 57 71
f 67 52 66
f 62 47 61
f 73 58 72
f 68 53 67
f 63 48 62
f 77 62 76
f 88 73 87
f 83 68 82
f 78 63 77
f 89 74 88
f 84 69 83
f 79 64 78
f 90 75 89
f 85 70 84
f 80 65 79
f 86 71 85
f 81 66 80
f 87 72 86
f 82 67 81
f 96 81 95
f 102 87 101
f 97 82 96
f 92 77 91
f 103 88 102
f 98 83 97
f 93 78 92
f 104 89 103
f 99 84 98
f 94 79 93
f 105 90 104
f 100 85 99
f 95 80 94
f 101 86 100
f 115 100 114
f 110 95 109
f 116 101 115
f 111 96 110
f 117 102 116
f 112 97 111
f 107 92 106
f 118 103 117
f 113 98 112
f 108 93 107
f 119 104 118
f 114 99 113
f 109 94 108
f 120 105 119
f 134 119 133
f 129 114 128
f 108 123 124
f 135 120 134
f 130 115 129
f 125 110 124
f 131 116 130
f 126 111 125
f 132 117 131
f 127 112 126
f 122 107 121
f 133 118 132
f 128 113 127
f 123 108 122
f 148 133 147
f 143 128 142
f 138 123 137
f 149 134 148
f 144 129 143
f 139 124 138
f 150 135 149
f 145 130 144
f 140 125 139
f 146 131 145
f 141 126 140
f 147 132 146
f 142 127 141
f 137 122 136
f 162 147 161
f 157 142 156
f 152 137 151
f 163 148 162
f 158 143 157
f 153 138 152
f 164 149 163
f 159 144 158
f 138 153 154
f 165 150 164
f 160 145 159
f 155 140 154
f 161 146 160
f 156 141 155
f 170 155 169
f 176 161 175
f 171 156 170
f 177 162 176
f 172 157 171
f 167 152 166
f 178 163 177
f 173 158 172
f 168 153 167
f 179 164 178
f 174 159 173
f 153 168 169
f 180 165 179
f 175 160 174
f 189 174 188
f 184 169 183
f 195 180 194
f 190 175 189
f 185 170 184
f 191 176 190
f 170 185 186
f 192 177 191
f 187 172 186
f 182 167 181
f 193 178 192
f 188 173 187
f 183 168 182
f 194 179 193
f 208 193 207
f 203 188 202
f 198 183 197
f 209 194 208
f 204 189 203
f 199 184 198
f 210 195 209
f 205 190 204
f 200 185 199
f 206 191 205
f 185 200 201
f 207 192 206
f 202 187 201
f 197 182 196
f 222 207 221
f 217 202 216
f 212 197 211
f 223 208 222
f 218 203 217
f 213 198 212
f 224 209 223
f 219 204 218
f 198 213 214
f 225 210 224
f 220 205 219
f 215 200 214
f 221 206 220
f 200 215 216
f 230 215 229
f 236 221 235
f 215 230 231
f 237 222 236
f 232 217 231
f 227 212 226
f 238 223 237
f 233 218 232
f 228 213 227
f 239 224 238
f 234 219 233
f 229 214 228
f 240 225 239
f 235 220 234
f 249 234 248
f 244 229 243
f 255 240 254
f 250 235 249
f 245 230 244
f 251 236 250
f 230 245 246
f 252 237 251
f 247 232 246
f 242 227 241
f 253 238 252
f 248 233 247
f 243 228 242
f 254 239 253
f 268 253 267
f 263 248 262
f 258 243 257
f 269 254 268
f 264 249 263
f 259 244 258
f 270 255 269
f 265 250 264
f 260 245 259
f 266 251 265
f 245 260 261
f 267 252 266
f 262 247 261
f 257 242 256
f 282 267 281
f 277 262 276
f 272 257 271
f 283 268 282
f 278 263 277
f 273 258 272
f 284 269 283
f 279 264 278
f 258 273 274
f 285 270 284
f 280 265 279
f 275 260 274
f 281 266 280
f 276 261 275
f 296 281 295
f 291 276 290
f 297 282 296
f 292 277 291
f 287 272 286
f 298 283 297
f 293 278 292
f 288 273 287
f 299 284 298
f 294 279 293
f 289 274 288
f 300 285 299
f 295 280 294
f 290 275 289
f 304 289 303
f 315 300 314
f 310 295 309
f 305 290 304
f 311 296 310
f 306 291 305
f 312 297 311
f 307 292 306
f 302 287 301
f 313 298 312
f 308 293 307
f 303 288 302
f 314 299 313
f 309 294 308
f 323 308 322
f 318 303 317
f 329 314 328
f 324 309 323
f 319 304 318
f 330 315 329
f 309 324 325
f 320 305 319
f 326 311 325
f 321 306 320
f 327 312 326
f 322 307 321
f 317 302 316
f 328 313 327
f 343 327 342
f 338 322 337
f 333 317 332
f 344 328 343
f 339 323 338
f 334 318 333
f 345 329 344
f 340 324 339
f 335 319 334
f 346 330 345
f 324 340 341
f 336 320 335
f 342 326 341
f 337 321 336
f 357 342 356
f 352 337 351
f 358 343 357
f 353 338 352
f 348 333 347
f 359 344 358
f 354 339 353
f 349 334 348
f 360 345 359
f 355 340 354
f 350 335 349
f 361 346 360
f 340 355 356
f 351 336 350
f 365 350 364
f 376 361 375
f 355 370 371
f 366 351 365
f 372 357 371
f 367 352 366
f 373 358 372
f 368 353 367
f 363 348 362
f 374 359 373
f 369 354 368
f 364 349 363
f 375 360 374
f 370 355 369
f 384 369 383
f 379 364 378
f 390 375 389
f 385 370 384
f 380 365 379
f 391 376 390
f 370 385 386
f 381 366 380
f 387 372 386
f 382 367 381
f 388 373 387
f 383 368 382
f 378 363 377
f 389 374 388
f 403 388 402
f 398 383 397
f 393 378 392
f 404 389 403
f 399 384 398
f 394 379 393
f 405 390 404
f 400 385 399
f 379 394 395
f 406 391 405
f 385 400 401
f 396 381 395
f 402 387 401
f 397 382 396
f 417 402 416
f 412 397 411
f 418 403 417
f 413 398 412
f 408 393 407
f 419 404 418
f 414 399 413
f 409 394 408
f 420 405 419
f 415 400 414
f 410 395 409
f 421 406 420
f 400 415 416
f 411 396 410
f 436 421 435
f 415 430 431
f 426 411 425
f 432 417 431
f 427 412 426
f 433 418 432
f 412 427 428
f 423 408 422
f 434 419 433
f 429 414 428
f 424 409 423
f 435 420 434
f 430 415 429
f 409 424 425
f 439 424 438
f 450 435 449
f 445 430 444
f 424 439 440
f 451 436 450
f 430 445 446
f 441 426 440
f 447 432 446
f 442 427 441
f 448 433 447
f 427 442 443
f 438 423 437
f 449 434 448
f 444 429 443
f 442 458 459
f 454 438 453
f 465 449 464
f 460 444 459
f 455 439 454
f 466 450 465
f 461 445 460
f 456 440 455
f 467 451 466
f 445 461 462
f 457 441 456
f 463 447 462
f 458 442 457
f 464 448 463
f 478 463 477
f 473 458 472
f 479 464 478
f 458 473 474
f 469 454 468
f 480 465 479
f 475 460 474
f 470 455 469
f 481 466 480
f 476 461 475
f 455 470 471
f 482 467 481
f 461 476 477
f 472 457 471
f 481 14 15
f 476 9 10
f 5 472 4
f 477 10 11
f 6 473 5
f 478 11 12
f 7 474 6
f 2 469 1
f 479 12 13
f 8 475 7
f 3 470 2
f 480 13 14
f 9 476 8
f 4 471 3
g Chain
f 483 484 486
f 485 486 488
f 487 488 490
f 489 490 492
f 491 492 494
f 493 494 496
f 495 496 498
f 497 498 500
f 499 500 502
f 501 502 504
f 503 504 506
f 505 506 508
f 507 508 510
f 509 510 512
f 511 512 514
f 513 514 516
f 515 516 518
f 517 518 520
f 519 520 522
f 521 522 524
f 523 524 526
f 525 526 528
f 527 528 530
f 529 530 532
f 531 532 534
f 533 534 536
f 535 536 538
f 537 538 540
f 539 540 542
f 541 542 544
f 486 484 488
f 545 546 484
f 543 544 546
f 483 485 545
f 485 483 486
f 487 485 488
f 489 487 490
f 491 489 492
f 493 491 494
f 495 493 496
f 497 495 498
f 499 497 500
f 501 499 502
f 503 501 504
f 505 503 506
f 507 505 508
f 509 507 510
f 511 509 512
f 513 511 514
f 515 513 516
f 517 515 518
f 519 517 520
f 521 519 522
f 523 521 524
f 525 523 526
f 527 525 528
f 529 527 530
f 531 529 532
f 533 531 534
f 535 533 536
f 537 535 538
f 539 537 540
f 541 539 542
f 543 541 544
f 484 546 488
f 546 544 488
f 544 542 488
f 542 540 488
f 540 538 488
f 538 536 488
f 536 534 488
f 534 532 488
f 532 530 488
f 530 528 488
f 528 526 488
f 526 524 488
f 524 522 520
f 488 524 520
f 514 518 516
f 514 520 518
f 488 520 514
f 510 514 512
f 508 514 510
f 506 514 508
f 504 514 506
f 502 514 504
f 500 514 502
f 498 514 500
f 496 514 498
f 490 488 492
f 488 514 492
f 514 496 494
f 492 514 494
f 483 545 484
f 545 543 546
f 485 487 545
f 487 489 545
f 489 491 545
f 491 493 545
f 493 495 545
f 495 497 545
f 497 499 545
f 499 501 545
f 501 503 545
f 503 505 545
f 505 507 545
f 529 525 527
f 529 523 525
f 545 507 543
f 507 509 543
f 509 511 513
f 543 509 513
f 517 513 515
f 543 513 517
f 523 519 521
f 529 519 523
f 529 517 519
f 533 529 531
f 533 517 529
f 541 543 539
f 543 517 539
f 517 533 539
f 533 535 539
f 535 537 539
