# Blender v2.67 (sub 0) OBJ File: 'table.blend'
# www.blender.org
mtllib table3.mtl
o Cube
v 3.373044 0.127728 -3.374110
v 3.373044 0.127728 3.374110
v -3.375176 0.127728 3.374109
v -3.375174 0.127728 -3.374111
v 3.373045 0.343595 -3.374108
v 3.373042 0.343595 3.374112
v -3.375177 0.343595 3.374108
v -3.375175 0.343595 -3.374110
v 3.373044 0.127728 -2.624308
v 3.373044 0.127728 -1.874505
v 3.373044 0.127728 -1.124703
v 3.373044 0.127728 -0.374901
v 3.373044 0.127728 0.374901
v 3.373044 0.127728 1.124703
v 3.373044 0.127728 1.874506
v 3.373044 0.127728 2.624308
v -3.375176 0.127728 2.624307
v -3.375176 0.127728 1.874505
v -3.375175 0.127728 1.124702
v -3.375175 0.127728 0.374900
v -3.375175 0.127728 -0.374902
v -3.375175 0.127728 -1.124704
v -3.375175 0.127728 -1.874507
v -3.375174 0.127728 -2.624309
v 3.373045 0.343595 -2.624306
v 3.373044 0.343595 -1.874504
v 3.373044 0.343595 -1.124701
v 3.373044 0.343595 -0.374899
v 3.373043 0.343595 0.374903
v 3.373043 0.343595 1.124705
v 3.373043 0.343595 1.874507
v 3.373042 0.343595 2.624310
v -3.375177 0.343595 2.624306
v -3.375177 0.343595 1.874504
v -3.375176 0.343595 1.124702
v -3.375176 0.343595 0.374900
v -3.375176 0.343595 -0.374902
v -3.375176 0.343595 -1.124704
v -3.375175 0.343595 -1.874506
v -3.375175 0.343595 -2.624308
v -2.623914 0.127728 -3.374111
v -1.874112 0.127728 -3.374111
v -1.124310 0.127728 -3.374111
v -0.374508 0.127728 -3.374111
v 0.375294 0.127728 -1.124704
v 1.125096 0.127728 -1.124704
v 1.874898 0.127728 -1.124703
v 2.624700 0.127728 -1.124703
v 2.624700 0.343595 0.374903
v 1.874898 0.280704 0.374902
v 1.125096 0.280704 0.374902
v 0.375293 0.280704 0.374902
v 0.375295 0.127728 -2.624309
v 1.125096 0.127728 -2.624308
v 1.874898 0.127728 -2.624308
v 2.624700 0.127728 -2.624308
v 2.624701 0.343595 -2.624306
v 1.874899 0.343595 -2.624306
v 1.125097 0.343595 -2.624306
v 0.375295 0.343595 -2.624306
v -2.623915 0.127728 1.874505
v -1.874113 0.127728 1.874505
v -1.124310 0.127728 1.874505
v -0.374508 0.127728 1.874505
v -2.623914 0.127728 -0.374902
v -1.874112 0.127728 -0.374902
v -1.124310 0.127728 -0.374902
v -0.374508 0.127728 -0.374902
v -2.623914 0.127728 -1.874507
v -1.874112 0.127728 -1.874506
v -1.124310 0.127728 -1.874506
v -0.374508 0.127728 -1.874506
v -2.623914 0.343595 -3.374110
v -1.874112 0.343595 -3.374110
v -1.124310 0.343595 -3.374109
v -0.374507 0.343595 -3.374109
v 0.375295 0.127728 -3.374111
v 1.125096 0.127728 -3.374110
v 1.874898 0.127728 -3.374110
v 2.624700 0.127728 -3.374110
v 2.624701 0.343595 -1.124702
v 1.874898 0.280704 -1.124702
v 1.125096 0.280704 -1.124702
v 0.375294 0.280704 -1.124702
v -0.374507 0.343595 -2.624307
v -1.124310 0.343595 -2.624307
v -1.874112 0.343595 -2.624307
v -2.623914 0.343595 -2.624307
v 0.375294 0.127728 1.124703
v 1.125096 0.127728 1.124703
v 1.874898 0.127728 1.124703
v 2.624700 0.127728 1.124703
v 0.375294 0.127728 -0.374902
v 1.125096 0.127728 -0.374901
v 1.874898 0.127728 -0.374901
v 2.624700 0.127728 -0.374901
v -2.623916 0.343595 3.374109
v -1.874114 0.343595 3.374109
v -1.124312 0.343595 3.374109
v -0.374510 0.343595 3.374110
v 0.375295 0.343595 -3.374109
v 1.125097 0.343595 -3.374109
v 1.874900 0.343595 -3.374109
v 2.624702 0.343595 -3.374108
v 0.375294 0.127728 0.374901
v 1.125096 0.127728 0.374901
v 1.874898 0.127728 0.374901
v 2.624700 0.127728 0.374901
v 0.375294 0.127728 3.374110
v 1.125096 0.127728 3.374110
v 1.874898 0.127728 3.374110
v 2.624700 0.127728 3.374110
v 0.375294 0.127728 1.874505
v 1.125096 0.127728 1.874505
v 1.874898 0.127728 1.874505
v 2.624700 0.127728 1.874505
v -0.374509 0.280704 0.374902
v -1.124311 0.280704 0.374901
v -1.874113 0.280704 0.374901
v -2.623915 0.343595 0.374901
v 0.375294 0.127728 -1.874506
v 1.125096 0.127728 -1.874506
v 1.874898 0.127728 -1.874506
v 2.624700 0.127728 -1.874506
v 2.624699 0.343595 1.124705
v 1.874897 0.280704 1.124705
v 1.125095 0.280704 1.124704
v 0.375293 0.280704 1.124704
v -2.623915 0.127728 2.624307
v -1.874113 0.127728 2.624307
v -1.124311 0.127728 2.624307
v -0.374508 0.127728 2.624307
v -2.623914 0.127728 -1.124704
v -1.874112 0.127728 -1.124704
v -1.124310 0.127728 -1.124704
v -0.374508 0.127728 -1.124704
v -2.623915 0.127728 3.374109
v -1.874113 0.127728 3.374109
v -1.124311 0.127728 3.374109
v -0.374509 0.127728 3.374110
v 2.624701 0.343595 -1.874504
v 1.874899 0.280704 -1.874504
v 1.125097 0.280704 -1.874504
v 0.375294 0.280704 -1.874504
v -0.374509 0.280704 -0.374901
v -1.124311 0.280704 -0.374901
v -1.874113 0.280704 -0.374901
v -2.623915 0.343595 -0.374901
v -0.374508 0.280704 -1.124703
v -1.124310 0.280704 -1.124703
v -1.874113 0.280704 -1.124703
v -2.623915 0.343595 -1.124703
v -2.623914 0.127728 0.374900
v -1.874112 0.127728 0.374900
v -1.124310 0.127728 0.374900
v -0.374508 0.127728 0.374901
v 0.375292 0.343595 3.374110
v 1.125094 0.343595 3.374110
v 1.874896 0.343595 3.374111
v 2.624698 0.343595 3.374111
v 2.624700 0.343595 -0.374900
v 1.874898 0.280704 -0.374900
v 1.125096 0.280704 -0.374900
v 0.375294 0.280704 -0.374900
v -2.623915 0.127728 1.124702
v -1.874112 0.127728 1.124703
v -1.124310 0.127728 1.124703
v -0.374508 0.127728 1.124703
v -2.623914 0.127728 -2.624309
v -1.874112 0.127728 -2.624309
v -1.124310 0.127728 -2.624309
v -0.374508 0.127728 -2.624309
v -0.374509 0.280704 1.124704
v -1.124311 0.280704 1.124703
v -1.874113 0.280704 1.124703
v -2.623916 0.343595 1.124703
v 0.375294 0.127728 2.624307
v 1.125096 0.127728 2.624307
v 1.874898 0.127728 2.624308
v 2.624700 0.127728 2.624308
v -0.374508 0.280704 -1.874505
v -1.124310 0.280704 -1.874505
v -1.874112 0.280704 -1.874505
v -2.623915 0.343595 -1.874505
v -2.623916 0.343595 1.874505
v -1.874114 0.280704 1.874505
v -1.124311 0.280704 1.874505
v -0.374509 0.280704 1.874506
v 0.375293 0.280704 1.874506
v 1.125095 0.280704 1.874506
v 1.874897 0.280704 1.874507
v 2.624699 0.343595 1.874507
v -2.623916 0.343595 2.624307
v -1.874114 0.343595 2.624307
v -1.124312 0.343595 2.624307
v -0.374510 0.343595 2.624308
v 0.375293 0.343595 2.624308
v 1.125095 0.343595 2.624309
v 1.874897 0.343595 2.624309
v 2.624699 0.343595 2.624309
v 2.811786 -1.550319 3.186659
v 2.811786 -1.550319 -3.186659
v 2.811786 -1.550319 -2.811758
v -2.811729 -1.550319 -3.186661
v -3.187359 -1.550319 -2.811760
v -3.187361 -1.550230 2.811757
v 3.185958 -1.550319 2.811758
v 3.185958 -1.550319 -2.811758
v 2.811786 -1.550319 2.811758
v -2.811729 -1.550319 -2.811760
v -2.811731 -1.550230 3.186659
v -2.811731 -1.550230 2.811757
v -3.187359 -1.550319 -3.186661
v -3.187361 -1.550230 3.186658
v 3.185958 -1.550319 3.186659
v 3.185958 -1.550319 -3.186659
v 3.373045 0.448413 -3.374108
v 3.373042 0.448413 3.374112
v -3.375177 0.448413 3.374108
v -3.375175 0.448413 -3.374110
v 3.373045 0.448413 -2.624306
v 3.373044 0.448413 -1.874504
v 3.373044 0.448413 -1.124701
v 3.373044 0.448413 -0.374899
v 3.373043 0.448413 0.374903
v 3.373043 0.448413 1.124705
v 3.373043 0.448413 1.874507
v 3.373042 0.448413 2.624310
v -3.375177 0.448413 2.624306
v -3.375177 0.448413 1.874504
v -3.375176 0.448413 1.124702
v -3.375176 0.448413 0.374900
v -3.375176 0.448413 -0.374902
v -3.375176 0.448413 -1.124704
v -3.375175 0.448413 -1.874506
v -3.375175 0.448413 -2.624308
v 2.624700 0.448413 0.374903
v 2.624701 0.448413 -2.624306
v 1.874899 0.448413 -2.624306
v 1.125097 0.448413 -2.624306
v 0.375295 0.448413 -2.624306
v -2.623914 0.448413 -3.374110
v -1.874112 0.448413 -3.374110
v -1.124310 0.448413 -3.374109
v -0.374507 0.448413 -3.374109
v 2.624701 0.448413 -1.124702
v -0.374507 0.448413 -2.624307
v -1.124310 0.448413 -2.624307
v -1.874112 0.448413 -2.624307
v -2.623914 0.448413 -2.624307
v -2.623916 0.448413 3.374109
v -1.874114 0.448413 3.374109
v -1.124312 0.448413 3.374109
v -0.374510 0.448413 3.374110
v 0.375295 0.448413 -3.374109
v 1.125097 0.448413 -3.374109
v 1.874900 0.448413 -3.374109
v 2.624702 0.448413 -3.374108
v -2.623915 0.448413 0.374901
v 2.624699 0.448413 1.124705
v 2.624701 0.448413 -1.874504
v -2.623915 0.448413 -0.374901
v -2.623915 0.448413 -1.124703
v 0.375292 0.448413 3.374110
v 1.125094 0.448413 3.374110
v 1.874896 0.448413 3.374111
v 2.624698 0.448413 3.374111
v 2.624700 0.448413 -0.374900
v -2.623916 0.448413 1.124703
v -2.623915 0.448413 -1.874505
v -2.623916 0.448413 1.874505
v 2.624699 0.448413 1.874507
v -2.623916 0.448413 2.624307
v -1.874114 0.448413 2.624307
v -1.124312 0.448413 2.624307
v -0.374510 0.448413 2.624308
v 0.375293 0.448413 2.624308
v 1.125095 0.448413 2.624309
v 1.874897 0.448413 2.624309
v 2.624699 0.448413 2.624309
v 2.811786 -1.070877 -2.811758
v 3.185958 -1.070877 -3.186659
v 3.185958 -1.070877 -2.811758
v 2.811786 -1.070877 -3.186659
v -2.811731 -1.070611 2.811757
v -3.187361 -1.070611 2.811757
v -3.187361 -1.070611 3.186658
v -2.811731 -1.070611 3.186659
v -2.811729 -1.070877 -3.186661
v -3.187359 -1.070877 -3.186661
v -3.187359 -1.070877 -2.811760
v -2.811729 -1.070877 -2.811760
v 2.811786 -1.070877 2.811758
v 3.185958 -1.070877 2.811758
v 3.185958 -1.070877 3.186659
v 2.811786 -1.070877 3.186659
v 2.811786 -1.976791 3.186659
v 2.811786 -1.976791 -3.186659
v 2.811786 -1.976791 -2.811758
v -2.811729 -1.976791 -3.186661
v -3.187359 -1.976791 -2.811760
v -3.187361 -1.976702 2.811757
v 3.185958 -1.976791 2.811758
v 3.185958 -1.976791 -2.811758
v 2.811786 -1.976791 2.811758
v -2.811729 -1.976791 -2.811760
v -2.811731 -1.976702 3.186659
v -2.811731 -1.976702 2.811757
v -3.187359 -1.976791 -3.186661
v -3.187361 -1.976702 3.186658
v 3.185958 -1.976791 3.186659
v 3.185958 -1.976791 -3.186659
usemtl Material
s off
f 293 294 207
f 39 38 234
f 16 32 2
f 137 97 3
f 24 40 8
f 73 41 4
f 292 291 205
f 169 69 23
f 69 133 22
f 133 65 21
f 65 153 20
f 153 165 19
f 165 61 18
f 61 129 17
f 36 35 231
f 33 7 219
f 30 29 225
f 27 26 222
f 73 8 220
f 104 103 257
f 100 157 264
f 185 176 269
f 1 5 9
f 9 25 10
f 10 26 11
f 11 27 12
f 12 28 13
f 13 29 14
f 14 30 15
f 15 31 16
f 3 7 17
f 17 33 18
f 18 34 35
f 19 35 36
f 20 36 37
f 21 37 38
f 22 38 39
f 23 39 40
f 180 112 111
f 101 76 245
f 80 56 55
f 49 125 260
f 104 80 103
f 140 100 139
f 200 199 279
f 197 196 276
f 132 140 139
f 282 283 208
f 76 44 43
f 5 1 104
f 111 159 110
f 148 152 263
f 130 138 137
f 177 109 140
f 2 6 112
f 179 111 110
f 109 157 140
f 290 289 204
f 194 193 273
f 78 54 53
f 138 98 137
f 59 58 239
f 178 110 109
f 102 78 101
f 75 43 42
f 101 77 76
f 112 160 111
f 131 139 138
f 74 42 41
f 110 158 109
f 58 57 238
f 79 55 54
f 139 99 138
f 103 79 102
f 77 53 172
f 44 172 171
f 43 171 170
f 42 170 169
f 9 10 124
f 56 124 123
f 55 123 122
f 54 122 121
f 53 121 72
f 172 72 71
f 171 71 70
f 170 70 69
f 10 11 48
f 124 48 47
f 123 47 46
f 122 46 45
f 121 45 136
f 72 136 135
f 71 135 134
f 70 134 133
f 11 12 96
f 48 96 95
f 47 95 94
f 46 94 93
f 45 93 68
f 136 68 67
f 135 67 66
f 134 66 65
f 12 13 108
f 96 108 107
f 95 107 106
f 94 106 105
f 93 105 156
f 68 156 155
f 67 155 154
f 66 154 153
f 13 14 92
f 108 92 91
f 107 91 90
f 106 90 89
f 105 89 168
f 156 168 167
f 155 167 166
f 154 166 165
f 14 15 116
f 92 116 115
f 91 115 114
f 90 114 113
f 89 113 64
f 168 64 63
f 167 63 62
f 166 62 61
f 15 16 180
f 116 180 179
f 115 179 178
f 114 178 177
f 113 177 132
f 64 132 131
f 63 131 130
f 62 130 129
f 141 81 246
f 159 160 267
f 38 37 233
f 35 34 230
f 32 31 227
f 29 28 224
f 26 25 221
f 8 40 236
f 6 32 228
f 57 58 141
f 58 59 143
f 59 60 144
f 60 85 181
f 85 86 182
f 86 87 183
f 87 88 184
f 103 102 256
f 141 142 82
f 142 143 83
f 143 144 84
f 144 181 149
f 181 182 150
f 182 183 151
f 183 184 152
f 102 101 255
f 81 82 162
f 82 83 163
f 83 84 164
f 84 149 145
f 149 150 146
f 150 151 147
f 151 152 148
f 99 100 254
f 161 162 50
f 162 163 51
f 163 164 52
f 164 145 117
f 145 146 118
f 146 147 119
f 147 148 120
f 193 185 271
f 49 50 126
f 50 51 127
f 51 52 128
f 52 117 173
f 117 118 174
f 118 119 175
f 119 120 176
f 88 87 249
f 125 126 191
f 126 127 190
f 127 128 189
f 128 173 188
f 173 174 187
f 174 175 186
f 175 176 185
f 125 192 272
f 192 191 199
f 191 190 198
f 190 189 197
f 189 188 196
f 188 187 195
f 187 186 194
f 186 185 194
f 206 212 308
f 286 285 212
f 289 292 210
f 283 281 203
f 294 295 215
f 291 290 213
f 288 287 214
f 213 204 300
f 296 293 209
f 284 282 216
f 287 286 206
f 295 296 201
f 285 288 211
f 281 284 202
f 208 203 299
f 205 213 309
f 273 229 219
f 242 220 236
f 250 236 235
f 270 235 234
f 263 234 233
f 262 233 232
f 259 232 231
f 269 231 230
f 271 230 229
f 277 276 254
f 228 280 267
f 274 273 251
f 278 277 264
f 275 274 252
f 279 278 265
f 276 275 253
f 280 279 266
f 217 258 238
f 258 257 239
f 257 256 240
f 256 255 241
f 255 245 247
f 245 244 248
f 244 243 249
f 243 242 250
f 221 238 261
f 222 261 246
f 223 246 268
f 224 268 237
f 225 237 260
f 226 260 272
f 227 272 280
f 160 6 218
f 57 141 261
f 152 184 270
f 60 59 240
f 195 194 274
f 161 49 237
f 198 197 277
f 74 73 242
f 75 74 243
f 176 120 259
f 86 85 247
f 87 86 248
f 192 200 280
f 97 98 252
f 98 99 253
f 5 104 258
f 7 97 251
f 25 5 217
f 28 27 223
f 31 30 226
f 34 33 229
f 37 36 232
f 40 39 235
f 157 158 265
f 158 159 266
f 184 88 250
f 81 161 268
f 85 60 241
f 196 195 275
f 199 198 278
f 120 148 262
f 76 75 244
f 1 9 283
f 9 56 281
f 80 1 282
f 56 80 284
f 129 137 288
f 41 169 292
f 24 4 290
f 17 129 285
f 169 24 291
f 4 41 289
f 3 17 286
f 137 3 287
f 180 16 294
f 16 2 295
f 112 180 293
f 2 112 296
f 303 311 297
f 300 306 301
f 312 304 299
f 308 307 310
f 204 210 306
f 215 201 297
f 207 215 311
f 214 206 302
f 212 211 307
f 211 214 310
f 216 208 304
f 201 209 305
f 209 207 303
f 210 205 301
f 203 202 298
f 202 216 312
f 209 293 207
f 235 39 234
f 32 6 2
f 97 7 3
f 4 24 8
f 8 73 4
f 210 292 205
f 24 169 23
f 23 69 22
f 22 133 21
f 21 65 20
f 20 153 19
f 19 165 18
f 18 61 17
f 232 36 231
f 229 33 219
f 226 30 225
f 223 27 222
f 242 73 220
f 258 104 257
f 254 100 264
f 271 185 269
f 5 25 9
f 25 26 10
f 26 27 11
f 27 28 12
f 28 29 13
f 29 30 14
f 30 31 15
f 31 32 16
f 7 33 17
f 33 34 18
f 19 18 35
f 20 19 36
f 21 20 37
f 22 21 38
f 23 22 39
f 24 23 40
f 179 180 111
f 255 101 245
f 79 80 55
f 237 49 260
f 80 79 103
f 100 99 139
f 280 200 279
f 277 197 276
f 131 132 139
f 216 282 208
f 75 76 43
f 1 80 104
f 159 158 110
f 262 148 263
f 129 130 137
f 132 177 140
f 6 160 112
f 178 179 110
f 157 100 140
f 213 290 204
f 274 194 273
f 77 78 53
f 98 97 137
f 240 59 239
f 177 178 109
f 78 77 101
f 74 75 42
f 77 44 76
f 160 159 111
f 130 131 138
f 73 74 41
f 158 157 109
f 239 58 238
f 78 79 54
f 99 98 138
f 79 78 102
f 44 77 172
f 43 44 171
f 42 43 170
f 41 42 169
f 56 9 124
f 55 56 123
f 54 55 122
f 53 54 121
f 172 53 72
f 171 172 71
f 170 171 70
f 169 170 69
f 124 10 48
f 123 124 47
f 122 123 46
f 121 122 45
f 72 121 136
f 71 72 135
f 70 71 134
f 69 70 133
f 48 11 96
f 47 48 95
f 46 47 94
f 45 46 93
f 136 45 68
f 135 136 67
f 134 135 66
f 133 134 65
f 96 12 108
f 95 96 107
f 94 95 106
f 93 94 105
f 68 93 156
f 67 68 155
f 66 67 154
f 65 66 153
f 108 13 92
f 107 108 91
f 106 107 90
f 105 106 89
f 156 105 168
f 155 156 167
f 154 155 166
f 153 154 165
f 92 14 116
f 91 92 115
f 90 91 114
f 89 90 113
f 168 89 64
f 167 168 63
f 166 167 62
f 165 166 61
f 116 15 180
f 115 116 179
f 114 115 178
f 113 114 177
f 64 113 132
f 63 64 131
f 62 63 130
f 61 62 129
f 261 141 246
f 266 159 267
f 234 38 233
f 231 35 230
f 228 32 227
f 225 29 224
f 222 26 221
f 220 8 236
f 218 6 228
f 58 142 141
f 142 58 143
f 143 59 144
f 144 60 181
f 181 85 182
f 182 86 183
f 183 87 184
f 257 103 256
f 81 141 82
f 82 142 83
f 83 143 84
f 84 144 149
f 149 181 150
f 150 182 151
f 151 183 152
f 256 102 255
f 161 81 162
f 162 82 163
f 163 83 164
f 164 84 145
f 145 149 146
f 146 150 147
f 147 151 148
f 253 99 254
f 49 161 50
f 50 162 51
f 51 163 52
f 52 164 117
f 117 145 118
f 118 146 119
f 119 147 120
f 273 193 271
f 125 49 126
f 126 50 127
f 127 51 128
f 128 52 173
f 173 117 174
f 174 118 175
f 175 119 176
f 250 88 249
f 192 125 191
f 191 126 190
f 190 127 189
f 189 128 188
f 188 173 187
f 187 174 186
f 186 175 185
f 260 125 272
f 200 192 199
f 199 191 198
f 198 190 197
f 197 189 196
f 196 188 195
f 195 187 194
f 185 193 194
f 302 206 308
f 206 286 212
f 204 289 210
f 208 283 203
f 207 294 215
f 205 291 213
f 211 288 214
f 309 213 300
f 201 296 209
f 202 284 216
f 214 287 206
f 215 295 201
f 212 285 211
f 203 281 202
f 304 208 299
f 301 205 309
f 251 273 219
f 250 242 236
f 270 250 235
f 263 270 234
f 262 263 233
f 259 262 232
f 269 259 231
f 271 269 230
f 273 271 229
f 264 277 254
f 218 228 267
f 252 274 251
f 265 278 264
f 253 275 252
f 266 279 265
f 254 276 253
f 267 280 266
f 221 217 238
f 238 258 239
f 239 257 240
f 240 256 241
f 241 255 247
f 247 245 248
f 248 244 249
f 249 243 250
f 222 221 261
f 223 222 246
f 224 223 268
f 225 224 237
f 226 225 260
f 227 226 272
f 228 227 280
f 267 160 218
f 238 57 261
f 263 152 270
f 241 60 240
f 275 195 274
f 268 161 237
f 278 198 277
f 243 74 242
f 244 75 243
f 269 176 259
f 248 86 247
f 249 87 248
f 272 192 280
f 251 97 252
f 252 98 253
f 217 5 258
f 219 7 251
f 221 25 217
f 224 28 223
f 227 31 226
f 230 34 229
f 233 37 232
f 236 40 235
f 264 157 265
f 265 158 266
f 270 184 250
f 246 81 268
f 247 85 241
f 276 196 275
f 279 199 278
f 259 120 262
f 245 76 244
f 282 1 283
f 283 9 281
f 284 80 282
f 281 56 284
f 285 129 288
f 289 41 292
f 291 24 290
f 286 17 285
f 292 169 291
f 290 4 289
f 287 3 286
f 288 137 287
f 293 180 294
f 294 16 295
f 296 112 293
f 295 2 296
f 305 303 297
f 309 300 301
f 298 312 299
f 302 308 310
f 300 204 306
f 311 215 297
f 303 207 311
f 310 214 302
f 308 212 307
f 307 211 310
f 312 216 304
f 297 201 305
f 305 209 303
f 306 210 301
f 299 203 298
f 298 202 312
