# Blender v2.67 (sub 0) OBJ File: 'table.blend'
# www.blender.org
mtllib table.mtl
o Cube
v 3.373044 0.127728 -3.374110
v 3.373044 0.127728 3.374110
v -3.375176 0.127728 3.374109
v -3.375174 0.127728 -3.374111
v 3.373045 0.343595 -3.374108
v 3.373042 0.343595 3.374112
v -3.375177 0.343595 3.374108
v -3.375175 0.343595 -3.374110
v 3.373044 0.127728 -2.624308
v 3.373044 0.127728 -1.874505
v 3.373044 0.127728 -1.124703
v 3.373044 0.127728 -0.374901
v 3.373044 0.127728 0.374901
v 3.373044 0.127728 1.124703
v 3.373044 0.127728 1.874506
v 3.373044 0.127728 2.624308
v -3.375176 0.127728 2.624307
v -3.375176 0.127728 1.874505
v -3.375175 0.127728 1.124702
v -3.375175 0.127728 0.374900
v -3.375175 0.127728 -0.374902
v -3.375175 0.127728 -1.124704
v -3.375175 0.127728 -1.874507
v -3.375174 0.127728 -2.624309
v 3.373045 0.343595 -2.624306
v 3.373044 0.343595 -1.874504
v 3.373044 0.343595 -1.124701
v 3.373044 0.343595 -0.374899
v 3.373043 0.343595 0.374903
v 3.373043 0.343595 1.124705
v 3.373043 0.343595 1.874507
v 3.373042 0.343595 2.624310
v -3.375177 0.343595 2.624306
v -3.375177 0.343595 1.874504
v -3.375176 0.343595 1.124702
v -3.375176 0.343595 0.374900
v -3.375176 0.343595 -0.374902
v -3.375176 0.343595 -1.124704
v -3.375175 0.343595 -1.874506
v -3.375175 0.343595 -2.624308
v -2.623914 0.127728 -3.374111
v -1.874112 0.127728 -3.374111
v -1.124310 0.127728 -3.374111
v -0.374508 0.127728 -3.374111
v 0.375294 0.127728 -1.124704
v 1.125096 0.127728 -1.124704
v 1.874898 0.127728 -1.124703
v 2.624700 0.127728 -1.124703
v 2.624700 0.343595 0.374903
v 1.874898 0.280704 0.374902
v 1.125096 0.280704 0.374902
v 0.375293 0.280704 0.374902
v 0.375295 0.127728 -2.624309
v 1.125096 0.127728 -2.624308
v 1.874898 0.127728 -2.624308
v 2.624700 0.127728 -2.624308
v 2.624701 0.343595 -2.624306
v 1.874899 0.343595 -2.624306
v 1.125097 0.343595 -2.624306
v 0.375295 0.343595 -2.624306
v -2.623915 0.127728 1.874505
v -1.874113 0.127728 1.874505
v -1.124310 0.127728 1.874505
v -0.374508 0.127728 1.874505
v -2.623914 0.127728 -0.374902
v -1.874112 0.127728 -0.374902
v -1.124310 0.127728 -0.374902
v -0.374508 0.127728 -0.374902
v -2.623914 0.127728 -1.874507
v -1.874112 0.127728 -1.874506
v -1.124310 0.127728 -1.874506
v -0.374508 0.127728 -1.874506
v -2.623914 0.343595 -3.374110
v -1.874112 0.343595 -3.374110
v -1.124310 0.343595 -3.374109
v -0.374507 0.343595 -3.374109
v 0.375295 0.127728 -3.374111
v 1.125096 0.127728 -3.374110
v 1.874898 0.127728 -3.374110
v 2.624700 0.127728 -3.374110
v 2.624701 0.343595 -1.124702
v 1.874898 0.280704 -1.124702
v 1.125096 0.280704 -1.124702
v 0.375294 0.280704 -1.124702
v -0.374507 0.343595 -2.624307
v -1.124310 0.343595 -2.624307
v -1.874112 0.343595 -2.624307
v -2.623914 0.343595 -2.624307
v 0.375294 0.127728 1.124703
v 1.125096 0.127728 1.124703
v 1.874898 0.127728 1.124703
v 2.624700 0.127728 1.124703
v 0.375294 0.127728 -0.374902
v 1.125096 0.127728 -0.374901
v 1.874898 0.127728 -0.374901
v 2.624700 0.127728 -0.374901
v -2.623916 0.343595 3.374109
v -1.874114 0.343595 3.374109
v -1.124312 0.343595 3.374109
v -0.374510 0.343595 3.374110
v 0.375295 0.343595 -3.374109
v 1.125097 0.343595 -3.374109
v 1.874900 0.343595 -3.374109
v 2.624702 0.343595 -3.374108
v 0.375294 0.127728 0.374901
v 1.125096 0.127728 0.374901
v 1.874898 0.127728 0.374901
v 2.624700 0.127728 0.374901
v 0.375294 0.127728 3.374110
v 1.125096 0.127728 3.374110
v 1.874898 0.127728 3.374110
v 2.624700 0.127728 3.374110
v 0.375294 0.127728 1.874505
v 1.125096 0.127728 1.874505
v 1.874898 0.127728 1.874505
v 2.624700 0.127728 1.874505
v -0.374509 0.280704 0.374902
v -1.124311 0.280704 0.374901
v -1.874113 0.280704 0.374901
v -2.623915 0.343595 0.374901
v 0.375294 0.127728 -1.874506
v 1.125096 0.127728 -1.874506
v 1.874898 0.127728 -1.874506
v 2.624700 0.127728 -1.874506
v 2.624699 0.343595 1.124705
v 1.874897 0.280704 1.124705
v 1.125095 0.280704 1.124704
v 0.375293 0.280704 1.124704
v -2.623915 0.127728 2.624307
v -1.874113 0.127728 2.624307
v -1.124311 0.127728 2.624307
v -0.374508 0.127728 2.624307
v -2.623914 0.127728 -1.124704
v -1.874112 0.127728 -1.124704
v -1.124310 0.127728 -1.124704
v -0.374508 0.127728 -1.124704
v -2.623915 0.127728 3.374109
v -1.874113 0.127728 3.374109
v -1.124311 0.127728 3.374109
v -0.374509 0.127728 3.374110
v 2.624701 0.343595 -1.874504
v 1.874899 0.280704 -1.874504
v 1.125097 0.280704 -1.874504
v 0.375294 0.280704 -1.874504
v -0.374509 0.280704 -0.374901
v -1.124311 0.280704 -0.374901
v -1.874113 0.280704 -0.374901
v -2.623915 0.343595 -0.374901
v -0.374508 0.280704 -1.124703
v -1.124310 0.280704 -1.124703
v -1.874113 0.280704 -1.124703
v -2.623915 0.343595 -1.124703
v -2.623914 0.127728 0.374900
v -1.874112 0.127728 0.374900
v -1.124310 0.127728 0.374900
v -0.374508 0.127728 0.374901
v 0.375292 0.343595 3.374110
v 1.125094 0.343595 3.374110
v 1.874896 0.343595 3.374111
v 2.624698 0.343595 3.374111
v 2.624700 0.343595 -0.374900
v 1.874898 0.280704 -0.374900
v 1.125096 0.280704 -0.374900
v 0.375294 0.280704 -0.374900
v -2.623915 0.127728 1.124702
v -1.874112 0.127728 1.124703
v -1.124310 0.127728 1.124703
v -0.374508 0.127728 1.124703
v -2.623914 0.127728 -2.624309
v -1.874112 0.127728 -2.624309
v -1.124310 0.127728 -2.624309
v -0.374508 0.127728 -2.624309
v -0.374509 0.280704 1.124704
v -1.124311 0.280704 1.124703
v -1.874113 0.280704 1.124703
v -2.623916 0.343595 1.124703
v 0.375294 0.127728 2.624307
v 1.125096 0.127728 2.624307
v 1.874898 0.127728 2.624308
v 2.624700 0.127728 2.624308
v -0.374508 0.280704 -1.874505
v -1.124310 0.280704 -1.874505
v -1.874112 0.280704 -1.874505
v -2.623915 0.343595 -1.874505
v -2.623916 0.343595 1.874505
v -1.874114 0.280704 1.874505
v -1.124311 0.280704 1.874505
v -0.374509 0.280704 1.874506
v 0.375293 0.280704 1.874506
v 1.125095 0.280704 1.874506
v 1.874897 0.280704 1.874507
v 2.624699 0.343595 1.874507
v -2.623916 0.343595 2.624307
v -1.874114 0.343595 2.624307
v -1.124312 0.343595 2.624307
v -0.374510 0.343595 2.624308
v 0.375293 0.343595 2.624308
v 1.125095 0.343595 2.624309
v 1.874897 0.343595 2.624309
v 2.624699 0.343595 2.624309
v 2.811786 -1.550319 3.186659
v 2.811786 -1.550319 -3.186659
v 2.811786 -1.550319 -2.811758
v -2.811729 -1.550319 -3.186661
v -3.187359 -1.550319 -2.811760
v -3.187361 -1.550230 2.811757
v 3.185958 -1.550319 2.811758
v 3.185958 -1.550319 -2.811758
v 2.811786 -1.550319 2.811758
v -2.811729 -1.550319 -2.811760
v -2.811731 -1.550230 3.186659
v -2.811731 -1.550230 2.811757
v -3.187359 -1.550319 -3.186661
v -3.187361 -1.550230 3.186658
v 3.185958 -1.550319 3.186659
v 3.185958 -1.550319 -3.186659
v 3.373045 0.448413 -3.374108
v 3.373042 0.448413 3.374112
v -3.375177 0.448413 3.374108
v -3.375175 0.448413 -3.374110
v 3.373045 0.448413 -2.624306
v 3.373044 0.448413 -1.874504
v 3.373044 0.448413 -1.124701
v 3.373044 0.448413 -0.374899
v 3.373043 0.448413 0.374903
v 3.373043 0.448413 1.124705
v 3.373043 0.448413 1.874507
v 3.373042 0.448413 2.624310
v -3.375177 0.448413 2.624306
v -3.375177 0.448413 1.874504
v -3.375176 0.448413 1.124702
v -3.375176 0.448413 0.374900
v -3.375176 0.448413 -0.374902
v -3.375176 0.448413 -1.124704
v -3.375175 0.448413 -1.874506
v -3.375175 0.448413 -2.624308
v 2.624700 0.448413 0.374903
v 2.624701 0.448413 -2.624306
v 1.874899 0.448413 -2.624306
v 1.125097 0.448413 -2.624306
v 0.375295 0.448413 -2.624306
v -2.623914 0.448413 -3.374110
v -1.874112 0.448413 -3.374110
v -1.124310 0.448413 -3.374109
v -0.374507 0.448413 -3.374109
v 2.624701 0.448413 -1.124702
v -0.374507 0.448413 -2.624307
v -1.124310 0.448413 -2.624307
v -1.874112 0.448413 -2.624307
v -2.623914 0.448413 -2.624307
v -2.623916 0.448413 3.374109
v -1.874114 0.448413 3.374109
v -1.124312 0.448413 3.374109
v -0.374510 0.448413 3.374110
v 0.375295 0.448413 -3.374109
v 1.125097 0.448413 -3.374109
v 1.874900 0.448413 -3.374109
v 2.624702 0.448413 -3.374108
v -2.623915 0.448413 0.374901
v 2.624699 0.448413 1.124705
v 2.624701 0.448413 -1.874504
v -2.623915 0.448413 -0.374901
v -2.623915 0.448413 -1.124703
v 0.375292 0.448413 3.374110
v 1.125094 0.448413 3.374110
v 1.874896 0.448413 3.374111
v 2.624698 0.448413 3.374111
v 2.624700 0.448413 -0.374900
v -2.623916 0.448413 1.124703
v -2.623915 0.448413 -1.874505
v -2.623916 0.448413 1.874505
v 2.624699 0.448413 1.874507
v -2.623916 0.448413 2.624307
v -1.874114 0.448413 2.624307
v -1.124312 0.448413 2.624307
v -0.374510 0.448413 2.624308
v 0.375293 0.448413 2.624308
v 1.125095 0.448413 2.624309
v 1.874897 0.448413 2.624309
v 2.624699 0.448413 2.624309
v 2.811786 -1.070877 -2.811758
v 3.185958 -1.070877 -3.186659
v 3.185958 -1.070877 -2.811758
v 2.811786 -1.070877 -3.186659
v -2.811731 -1.070611 2.811757
v -3.187361 -1.070611 2.811757
v -3.187361 -1.070611 3.186658
v -2.811731 -1.070611 3.186659
v -2.811729 -1.070877 -3.186661
v -3.187359 -1.070877 -3.186661
v -3.187359 -1.070877 -2.811760
v -2.811729 -1.070877 -2.811760
v 2.811786 -1.070877 2.811758
v 3.185958 -1.070877 2.811758
v 3.185958 -1.070877 3.186659
v 2.811786 -1.070877 3.186659
v 2.811786 -1.976791 3.186659
v 2.811786 -1.976791 -3.186659
v 2.811786 -1.976791 -2.811758
v -2.811729 -1.976791 -3.186661
v -3.187359 -1.976791 -2.811760
v -3.187361 -1.976702 2.811757
v 3.185958 -1.976791 2.811758
v 3.185958 -1.976791 -2.811758
v 2.811786 -1.976791 2.811758
v -2.811729 -1.976791 -2.811760
v -2.811731 -1.976702 3.186659
v -2.811731 -1.976702 2.811757
v -3.187359 -1.976791 -3.186661
v -3.187361 -1.976702 3.186658
v 3.185958 -1.976791 3.186659
v 3.185958 -1.976791 -3.186659
usemtl Material
s off
f 293 294 207 209
f 39 38 234 235
f 16 32 6 2
f 137 97 7 3
f 24 40 8 4
f 73 41 4 8
f 292 291 205 210
f 169 69 23 24
f 69 133 22 23
f 133 65 21 22
f 65 153 20 21
f 153 165 19 20
f 165 61 18 19
f 61 129 17 18
f 36 35 231 232
f 33 7 219 229
f 30 29 225 226
f 27 26 222 223
f 73 8 220 242
f 104 103 257 258
f 100 157 264 254
f 185 176 269 271
f 1 5 25 9
f 9 25 26 10
f 10 26 27 11
f 11 27 28 12
f 12 28 29 13
f 13 29 30 14
f 14 30 31 15
f 15 31 32 16
f 3 7 33 17
f 17 33 34 18
f 18 34 35 19
f 19 35 36 20
f 20 36 37 21
f 21 37 38 22
f 22 38 39 23
f 23 39 40 24
f 180 112 111 179
f 101 76 245 255
f 80 56 55 79
f 49 125 260 237
f 104 80 79 103
f 140 100 99 139
f 200 199 279 280
f 197 196 276 277
f 132 140 139 131
f 282 283 208 216
f 76 44 43 75
f 5 1 80 104
f 111 159 158 110
f 148 152 263 262
f 130 138 137 129
f 177 109 140 132
f 2 6 160 112
f 179 111 110 178
f 109 157 100 140
f 290 289 204 213
f 194 193 273 274
f 78 54 53 77
f 138 98 97 137
f 59 58 239 240
f 178 110 109 177
f 102 78 77 101
f 75 43 42 74
f 101 77 44 76
f 112 160 159 111
f 131 139 138 130
f 74 42 41 73
f 110 158 157 109
f 58 57 238 239
f 79 55 54 78
f 139 99 98 138
f 103 79 78 102
f 77 53 172 44
f 44 172 171 43
f 43 171 170 42
f 42 170 169 41
f 9 10 124 56
f 56 124 123 55
f 55 123 122 54
f 54 122 121 53
f 53 121 72 172
f 172 72 71 171
f 171 71 70 170
f 170 70 69 169
f 10 11 48 124
f 124 48 47 123
f 123 47 46 122
f 122 46 45 121
f 121 45 136 72
f 72 136 135 71
f 71 135 134 70
f 70 134 133 69
f 11 12 96 48
f 48 96 95 47
f 47 95 94 46
f 46 94 93 45
f 45 93 68 136
f 136 68 67 135
f 135 67 66 134
f 134 66 65 133
f 12 13 108 96
f 96 108 107 95
f 95 107 106 94
f 94 106 105 93
f 93 105 156 68
f 68 156 155 67
f 67 155 154 66
f 66 154 153 65
f 13 14 92 108
f 108 92 91 107
f 107 91 90 106
f 106 90 89 105
f 105 89 168 156
f 156 168 167 155
f 155 167 166 154
f 154 166 165 153
f 14 15 116 92
f 92 116 115 91
f 91 115 114 90
f 90 114 113 89
f 89 113 64 168
f 168 64 63 167
f 167 63 62 166
f 166 62 61 165
f 15 16 180 116
f 116 180 179 115
f 115 179 178 114
f 114 178 177 113
f 113 177 132 64
f 64 132 131 63
f 63 131 130 62
f 62 130 129 61
f 141 81 246 261
f 159 160 267 266
f 38 37 233 234
f 35 34 230 231
f 32 31 227 228
f 29 28 224 225
f 26 25 221 222
f 8 40 236 220
f 6 32 228 218
f 57 58 142 141
f 58 59 143 142
f 59 60 144 143
f 60 85 181 144
f 85 86 182 181
f 86 87 183 182
f 87 88 184 183
f 103 102 256 257
f 141 142 82 81
f 142 143 83 82
f 143 144 84 83
f 144 181 149 84
f 181 182 150 149
f 182 183 151 150
f 183 184 152 151
f 102 101 255 256
f 81 82 162 161
f 82 83 163 162
f 83 84 164 163
f 84 149 145 164
f 149 150 146 145
f 150 151 147 146
f 151 152 148 147
f 99 100 254 253
f 161 162 50 49
f 162 163 51 50
f 163 164 52 51
f 164 145 117 52
f 145 146 118 117
f 146 147 119 118
f 147 148 120 119
f 193 185 271 273
f 49 50 126 125
f 50 51 127 126
f 51 52 128 127
f 52 117 173 128
f 117 118 174 173
f 118 119 175 174
f 119 120 176 175
f 88 87 249 250
f 125 126 191 192
f 126 127 190 191
f 127 128 189 190
f 128 173 188 189
f 173 174 187 188
f 174 175 186 187
f 175 176 185 186
f 125 192 272 260
f 192 191 199 200
f 191 190 198 199
f 190 189 197 198
f 189 188 196 197
f 188 187 195 196
f 187 186 194 195
f 186 185 193 194
f 206 212 308 302
f 286 285 212 206
f 289 292 210 204
f 283 281 203 208
f 294 295 215 207
f 291 290 213 205
f 288 287 214 211
f 213 204 300 309
f 296 293 209 201
f 284 282 216 202
f 287 286 206 214
f 295 296 201 215
f 285 288 211 212
f 281 284 202 203
f 208 203 299 304
f 205 213 309 301
f 273 229 219 251
f 242 220 236 250
f 250 236 235 270
f 270 235 234 263
f 263 234 233 262
f 262 233 232 259
f 259 232 231 269
f 269 231 230 271
f 271 230 229 273
f 277 276 254 264
f 228 280 267 218
f 274 273 251 252
f 278 277 264 265
f 275 274 252 253
f 279 278 265 266
f 276 275 253 254
f 280 279 266 267
f 217 258 238 221
f 258 257 239 238
f 257 256 240 239
f 256 255 241 240
f 255 245 247 241
f 245 244 248 247
f 244 243 249 248
f 243 242 250 249
f 221 238 261 222
f 222 261 246 223
f 223 246 268 224
f 224 268 237 225
f 225 237 260 226
f 226 260 272 227
f 227 272 280 228
f 160 6 218 267
f 57 141 261 238
f 152 184 270 263
f 60 59 240 241
f 195 194 274 275
f 161 49 237 268
f 198 197 277 278
f 74 73 242 243
f 75 74 243 244
f 176 120 259 269
f 86 85 247 248
f 87 86 248 249
f 192 200 280 272
f 97 98 252 251
f 98 99 253 252
f 5 104 258 217
f 7 97 251 219
f 25 5 217 221
f 28 27 223 224
f 31 30 226 227
f 34 33 229 230
f 37 36 232 233
f 40 39 235 236
f 157 158 265 264
f 158 159 266 265
f 184 88 250 270
f 81 161 268 246
f 85 60 241 247
f 196 195 275 276
f 199 198 278 279
f 120 148 262 259
f 76 75 244 245
f 1 9 283 282
f 9 56 281 283
f 80 1 282 284
f 56 80 284 281
f 129 137 288 285
f 41 169 292 289
f 24 4 290 291
f 17 129 285 286
f 169 24 291 292
f 4 41 289 290
f 3 17 286 287
f 137 3 287 288
f 180 16 294 293
f 16 2 295 294
f 112 180 293 296
f 2 112 296 295
f 303 311 297 305
f 300 306 301 309
f 312 304 299 298
f 308 307 310 302
f 204 210 306 300
f 215 201 297 311
f 207 215 311 303
f 214 206 302 310
f 212 211 307 308
f 211 214 310 307
f 216 208 304 312
f 201 209 305 297
f 209 207 303 305
f 210 205 301 306
f 203 202 298 299
f 202 216 312 298
